  1945   2.5544481   0.0650600  0
  2095   2.6413976   0.0766086  1
  2514   2.6508553   0.0466086  0
  2671   2.6087144   0.0422622  0
  2788   2.5595739   0.0437713  0
  3124   2.7455834   0.0920855  1
  3349   2.7388923   0.0577884  1
  3450   2.7450690   0.0931356  1
  3510   2.5445078   0.1193404  0
  3528   2.5333279   0.1496747  0
  3646   2.7554154   0.0255579  1
  3734   2.7468599   0.0575316  1
  3885   2.7540141   0.0772067  1
  4051   2.7895569   0.0668345  1
  4261   2.7935044   0.0657665  1
  4360   2.5987022   0.0513812  0
  4407   2.7126627   0.1009918  0
  4496   2.8137704   0.0816561  1
  4595   2.5367847   0.1552702  1
  4619   2.6893365   0.0521402  0
  4726   2.7344384   0.0574603  1
  4737   2.6952668   0.0660416  0
  4785   2.6644749   0.0660538  0
  4917   2.7416315   0.0667196  0
  4920   2.6879769   0.0465437  0
  4944   2.7440100   0.0971915  0
  5087   2.7449060   0.0928859  1
  5103   2.7492500   0.0914518  1
  5194   2.7068795   0.0620781  0
  5242   2.8006397   0.0695247  1
  5432   2.6164282   0.0388534  0
  5449   3.0262977   0.1808893  0
  5562   2.4828618   0.1043630  0
  5589   2.7484397   0.0501876  0
  5610   2.8042104   0.0710287  1
  5612   2.4859687   0.1285522  1
  5662   2.9923406   0.1681594  1
  5790   2.5702080   0.0438719  0
  5840   2.7473669   0.0593240  1
  5876   2.7681368   0.0666284  1
  6077   2.7910369   0.0669693  1
  6104   2.7047561   0.0456541  0
  6118   2.4801124   0.0437745  0
  6216   2.7541973   0.0581358  0
  6417   2.5882501   0.0493122  0
  6442   2.6868059   0.0470301  0
  6468   2.6743620   0.0419508  0
  6483   2.5466880   0.0924126  0
  6488   2.4884010   0.1889124  0
  6544   2.7687069   0.0671155  1
  6573   2.5837967   0.0373899  0
  6593   2.7501704   0.0906429  1
  6596   2.5883626   0.0737468  0
  6704   2.7591201   0.0723680  0
  6715   2.6702049   0.0634518  0
  6784   2.7932284   0.0671768  1
  6796   2.7392047   0.0907069  1
  6885   2.6473040   0.0481703  0
  6902   2.7506686   0.0485710  0
  6908   2.7491431   0.0792433  1
  6958   3.0240497   0.1699586  0
  6987   2.7897897   0.0656768  1
  7056   2.8096384   0.0747697  0
  7137   2.8105080   0.0704310  1
  7139   2.9980497   0.1684261  1
  7158   3.0160401   0.1741484  0
  7315   2.5495936   0.0712537  0
  7361   2.6726619   0.0510478  0
  7370   2.6737585   0.0561481  0
  7457   2.7399050   0.0937279  1
  7508   2.7960643   0.0668644  1
  7518   2.5555918   0.0582759  0
  7583   2.9999967   0.1727030  1
  7602   3.0398112   0.1880701  1
  7618   2.7398615   0.0470427  0
  7627   2.8753877   0.0557751  0
  7649   2.5663877   0.0941044  0
  7656   3.0414473   0.0153065  0
  7684   2.7948925   0.0655358  1
  7728   2.7955318   0.0687222  1
  7742   2.7206645   0.0551901  0
  7744   2.6585132   0.0413327  1
  7763   2.7409318   0.0639314  1
  7766   3.0594872   0.2016512  1
  7771   2.6591592   0.0721047  1
  7803   2.7861945   0.0708933  0
  7873   2.6360999   0.0705037  0
  7937   2.6313706   0.0447356  0
  7979   2.8471472   0.1283750  1
  8005   2.5502890   0.1049890  0
  8036   3.0080112   0.1087093  1
  8110   2.6299568   0.0756808  0
  8156   2.6976337   0.0460618  0
  8158   2.6470881   0.0643450  0
  8186   3.0502602   0.1890712  0
  8377   2.5408971   0.1637857  1
  8382   2.6118114   0.0551389  0
  8383   2.6567826   0.0581395  1
  8403   3.0008942   0.1702518  1
  8450   2.7497600   0.0919357  1
  8493   2.4783541   0.0886136  0
  8559   2.7703925   0.0598895  1
  8599   2.7149113   0.0559268  0
  8627   2.5960361   0.0309338  0
  8673   2.7282714   0.0943392  1
  8677   2.9822736   0.1682588  0
  8699   2.8908471   0.0231780  0
  8733   2.7906061   0.0660774  1
  8741   3.0159668   0.1749413  1
  8769   2.6843291   0.0626978  1
  8792   2.6711349   0.0675448  1
  8844   2.7680787   0.0897896  0
  8848   2.8940348   0.0540880  1
  8850   2.9902383   0.1679111  1
  8878   2.7683659   0.0720903  1
  8880   2.7969914   0.0684438  1
  8881   2.7281877   0.0872197  1
  8900   2.5370130   0.1650793  1
  8909   2.8150900   0.0925216  1
  8914   2.9982380   0.1729097  1
  8949   2.6383669   0.0508892  1
  8955   2.7129814   0.0702850  0
  8960   2.8983096   0.0388098  0
  8987   2.6453969   0.0501312  0
  9047   2.5240117   0.2563527  0
  9056   2.7947671   0.0664304  1
  9066   2.8476667   0.0623982  1
  9129   3.0485461   0.0229585  0
  9176   2.7152526   0.0629062  0
  9316   3.0030559   0.1829034  0
  9331   2.7467106   0.0751863  0
  9335   2.7607548   0.0714391  1
  9394   2.7194141   0.0647796  0
  9448   2.7158766   0.0543765  0
  9465   3.0452049   0.1924095  1
  9471   2.7907554   0.0649093  1
  9526   2.9188011   0.1340610  1
  9543   2.9998988   0.1678177  1
  9645   2.7557889   0.0778861  1
  9668   2.7926601   0.1036637  1
  9687   2.8148962   0.1053511  1
  9705   3.0449808   0.1762412  1
  9709   3.0093400   0.1786942  1
  9783   2.6698163   0.0524084  0
  9784   2.7449487   0.0888771  0
  9815   2.8093804   0.0944198  1
  9825   3.0013858   0.1729929  1
  9826   2.9923904   0.1664625  1
  9888   2.6635716   0.0635846  0
  9923   2.8114603   0.0749903  1
  9924   2.7905761   0.0647556  0
  9925   2.8060124   0.0726587  0
  9952   2.6552345   0.0412074  1
  9993   2.5371704   0.1849649  1
 10166   2.6249838   0.0430477  0
 10172   2.7401337   0.0966193  0
 10233   2.7243990   0.0509225  0
 10234   2.9887105   0.1679221  1
 10298   2.5929523   0.0337366  0
 10305   2.5598343   0.0875356  1
 10330   2.5652540   0.0443921  0
 10336   3.0516233   0.1635359  1
 10372   2.6181199   0.0967175  0
 10430   2.7417030   0.0658452  0
 10436   2.7390536   0.0780113  0
 10473   2.7167374   0.0479388  0
 10508   2.4776972   0.0350636  0
 10514   2.7101911   0.0592685  0
 10550   2.6287391   0.0594532  0
 10643   2.5501034   0.1033745  0
 10651   2.7348064   0.0925357  1
 10655   2.7383034   0.1071577  0
 10657   2.7954719   0.0660808  1
 10662   2.7623139   0.0569124  1
 10734   3.0190369   0.1713364  0
 10740   2.6661587   0.0125718  0
 10742   2.5520837   0.1086961  1
 10753   2.7148572   0.0764280  1
 10884   2.6212966   0.0456846  0
 10915   2.6278701   0.0338236  0
 10925   2.6200020   0.0642616  0
 11024   2.7442358   0.0546163  0
 11077   2.5686091   0.0462070  0
 11092   2.7358403   0.0124185  0
 11096   3.1620943   0.2662493  0
 11135   2.9139943   0.0224947  1
 11140   3.0620162   0.1903779  1
 11142   2.9906279   0.1662525  1
 11179   2.5487460   0.1107671  1
 11180   2.7322332   0.0922643  1
 11196   2.7493961   0.0956076  1
 11202   2.7378755   0.0616501  0
 11226   3.0226908   0.1778981  1
 11239   2.5377226   0.0967626  1
 11299   2.7360418   0.0736522  0
 11328   2.7543408   0.0844992  0
 11330   3.0031657   0.1722555  1
 11342   2.7057816   0.0607602  0
 11355   2.7777103   0.1034988  1
 11392   2.7227421   0.0931556  0
 11418   2.7055028   0.0918627  1
 11419   3.0218597   0.1780333  1
 11422   2.5493293   0.0805292  0
 11458   3.0246190   0.1725361  0
 11481   2.5744080   0.1299522  0
 11484   2.6783970   0.0558693  1
 11530   2.7860347   0.1055384  1
 11558   2.7901877   0.0647813  1
 11604   2.9841937   0.1662752  1
 11703   2.6054809   0.0260223  0
 11779   2.6219617   0.0627708  1
 11801   3.0453366   0.1857851  1
 11819   3.0059925   0.1630859  1
 11883   2.7358682   0.0916854  1
 11945   3.0415936   0.1745167  1
 11967   2.7435269   0.0741880  1
 11969   2.7817654   0.0661180  1
 11983   2.7236845   0.1075973  0
 11984   2.6279621   0.0423125  0
 11985   2.7598360   0.0545427  0
 11989   2.7421488   0.0919049  1
 11991   2.7365517   0.0916140  1
 11992   2.7866640   0.0656924  1
 12128   3.0170302   0.1768855  1
 12141   2.6444996   0.0471260  1
 12156   2.6492319   0.0482274  0
 12163   2.6304250   0.0746828  0
 12165   2.9888274   0.1652358  0
 12173   2.7399290   0.0652733  1
 12178   2.7125228   0.0602986  0
 12231   2.5393487   0.0573817  1
 12248   3.0138847   0.1727075  1
 12281   2.7391253   0.0922012  1
 12314   2.7648400   0.0612243  1
 12315   2.7377191   0.0917910  1
 12437   3.0038396   0.0538898  1
 12530   2.6045492   0.0865198  0
 12545   2.8061880   0.0910778  1
 12576   2.6364632   0.0776239  0
 12587   2.7633302   0.0720625  0
 12590   2.8070130   0.0953302  1
 12607   2.6543783   0.0576461  0
 12616   2.6414793   0.0519986  1
 12622   2.6400824   0.0399556  1
 12626   2.6864563   0.0480496  1
 12657   3.0198477   0.1774384  1
 12698   2.7369640   0.0397698  1
 12741   2.6930140   0.0576622  1
 12755   2.7250914   0.0930318  1
 12765   3.0211411   0.1704623  1
 12778   2.7629335   0.0945627  1
 12878   2.6244737   0.0477908  0
 12891   2.7947685   0.0667336  1
 12901   2.9743321   0.1039498  0
 12906   2.7882745   0.0683886  1
 12909   2.5593723   0.0419961  0
 12910   2.6036505   0.0375531  0
 12913   2.7779296   0.1076324  0
 12953   2.6218801   0.0390747  1
 12958   2.6357379   0.0412565  0
 13032   2.7255655   0.0812232  1
 13108   2.5458742   0.0488650  0
 13117   2.9743003   0.1660730  1
 13203   2.7069489   0.1062370  0
 13210   2.6607580   0.0701797  0
 13218   2.5653182   0.0816501  0
 13296   2.9873190   0.1707176  0
 13308   2.8007200   0.0684284  1
 13343   2.7698570   0.0944261  0
 13349   2.7470970   0.0933430  1
 13365   3.0245505   0.1741254  0
 13420   2.7916738   0.1121340  0
 13423   2.7491949   0.0896020  0
 13466   3.0013263   0.1760256  1
 13470   2.6210167   0.0347902  0
 13486   3.0418282   0.1731867  1
 13515   2.5509240   0.0774368  0
 13546   2.5681347   0.1382913  0
 13585   2.7853014   0.0667580  1
 13586   2.9971784   0.1701439  1
 13616   2.7469576   0.0519557  0
 13648   2.9655610   0.1615654  1
 13672   2.6245798   0.0530215  0
 13675   2.6565523   0.0618523  0
 13758   2.7317697   0.0668949  0
 13760   2.5567101   0.0560255  0
 13793   3.0201355   0.0266458  0
 13814   3.0009269   0.1683625  1
 13830   2.8107918   0.0725677  1
 13925   3.0094304   0.1787337  1
 13940   2.6390284   0.0494721  0
 13981   2.7946829   0.1146085  0
 14154   2.7086852   0.0596911  1
 14253   2.7075216   0.0499684  0
 14277   2.8016242   0.0677670  1
 14303   2.9738282   0.1636574  1
 14410   3.0551820   0.1809393  1
 14513   2.6538961   0.0793939  0
 14529   2.6274899   0.0304187  0
 14536   2.7633889   0.0656807  1
 14614   3.0646342   0.0762232  1
 14644   2.7291932   0.0701922  1
 14655   2.7344317   0.0933304  1
 14663   2.6663807   0.0539817  1
 14672   3.0257027   0.1801897  0
 14685   3.0663009   0.1986332  1
 14765   2.7661239   0.0754792  0
 14787   2.9689349   0.1635398  1
 14861   2.7573185   0.1037924  0
 14940   2.5827638   0.0824130  0
 14970   2.7694924   0.0879168  1
 14975   2.7326911   0.0737083  1
 14978   3.0375023   0.1857013  0
 14986   2.7302790   0.0675745  0
 15037   3.0202903   0.1722823  1
 15062   3.0161096   0.1717800  1
 15168   2.7648636   0.0959549  0
 15174   3.0093988   0.1881058  1
 15177   2.5798434   0.0114061  0
 15242   2.5769822   0.0357812  0
 15370   2.7347426   0.0659139  1
 15403   2.6394829   0.0698124  0
 15406   2.7363413   0.0785069  1
 15448   2.6684346   0.0660598  1
 15538   2.9709243   0.1633881  1
 15579   2.6838920   0.0513646  0
 15589   2.9941012   0.1722123  1
 15614   2.9898201   0.1681900  1
 15619   2.6365873   0.0360250  0
 15664   2.5534799   0.0685713  0
 15675   2.7740244   0.0725858  0
 15680   2.7462274   0.0940399  1
 15681   2.7346647   0.0528548  0
 15684   2.7218007   0.0375003  1
 15802   2.7344126   0.1027417  0
 15804   2.7393688   0.0930463  1
 15808   2.8873354   0.0064967  0
 15935   2.6456371   0.0822355  0
 15946   2.6875391   0.0613282  1
 15954   2.7287908   0.0912749  1
 15955   2.7854642   0.0696507  0
 15959   2.7913992   0.0844144  0
 16017   2.6081811   0.0334886  0
 16042   2.7364819   0.0636133  1
 16051   2.7524898   0.0574648  0
 16065   2.6605163   0.0475306  0
 16067   2.9943924   0.1530041  1
 16107   2.7245899   0.0886307  1
 16185   2.9961705   0.1589564  1
 16203   2.5594462   0.0587791  0
 16264   2.6470708   0.0446755  1
 16289   2.8004053   0.0886507  1
 16290   2.9867061   0.1810754  0
 16312   2.7585171   0.0917042  0
 16338   2.4846514   0.2274323  0
 16349   2.7152811   0.0578036  1
 16374   3.1304823   0.2908303  1
 16391   2.6914861   0.0405126  0
 16392   2.6564641   0.0650784  0
 16410   2.7264324   0.0596534  1
 16438   2.7342664   0.0913769  1
 16505   2.9914414   0.1675259  1
 16528   2.5360066   0.1427497  0
 16554   2.5579747   0.0557533  0
 16564   2.9799664   0.1674112  1
 16611   2.8658186   0.0550452  0
 16638   2.7003205   0.0757333  1
 16663   3.0199644   0.1742769  1
 16757   2.7953963   0.1037362  1
 16770   2.7489983   0.0925587  1
 16840   2.8402954   0.0351616  0
 16884   2.7926490   0.0671873  1
 16910   3.0515388   0.0309124  1
 16911   3.0664054   0.1993890  0
 16920   2.7332511   0.0900058  1
 17008   2.9763862   0.1533454  0
 17039   2.7534340   0.0853705  0
 17068   2.7690673   0.1025055  1
 17091   2.7810641   0.0440744  0
 17106   2.7869938   0.0599698  0
 17125   2.7403621   0.0929648  1
 17135   3.0098613   0.1817647  1
 17149   2.7609469   0.0581236  0
 17268   2.7951276   0.0678074  1
 17292   2.8028472   0.0625246  0
 17299   2.7294954   0.0587823  1
 17311   2.6906364   0.0519272  1
 17324   2.6566559   0.0571563  1
 17522   2.7557063   0.0672449  1
 17532   2.9858197   0.1655559  1
 17535   2.9922995   0.1835625  0
 17561   2.4800256   0.0523322  0
 17621   2.8498742   0.0479833  0
 17654   2.7430700   0.0604628  1
 17655   2.6505547   0.0670517  1
 17658   2.6921688   0.0592516  0
 17666   2.6359936   0.0227543  0
 17675   2.7907745   0.0634339  1
 17696   3.0222918   0.1765747  1
 17697   3.0011853   0.1731452  1
 17758   2.7837692   0.0661648  1
 17761   2.7486260   0.0590327  1
 17825   3.1093851   0.2381192  1
 17856   2.6792687   0.0395879  1
 17864   2.9951795   0.1689457  0
 17894   2.7550464   0.0943655  1
 17901   2.7018170   0.0517392  1
 17903   2.7511224   0.0745391  1
 17972   2.7239196   0.0922801  1
 18006   3.0271955   0.1836326  1
 18013   2.7767462   0.0666539  0
 18021   2.7459616   0.0571879  1
 18022   2.8090168   0.0512730  0
 18035   2.5762704   0.0809030  0
 18050   2.9901117   0.1641335  1
 18051   3.0092657   0.1819611  1
 18086   3.0445932   0.0792555  0
 18111   2.7988929   0.0683586  1
 18115   2.9874253   0.1672815  1
 18141   2.9836580   0.1711265  1
 18160   3.0228422   0.1647388  1
 18189   2.7031460   0.0407678  1
 18241   2.7271279   0.0912398  1
 18269   2.7988019   0.0675710  1
 18277   2.7750567   0.0736753  1
 18277   2.7750567   0.0736753  1
 18438   2.7190806   0.0904171  1
 18443   2.9765997   0.1632676  1
 18445   3.1161727   0.2422972  1
 18463   2.8561099   0.0277271  1
 18473   2.7279707   0.0490949  1
 18475   2.9786917   0.1523470  1
 18605   2.7404119   0.0436353  0
 18639   2.6928550   0.0667722  1
 18650   2.7438876   0.0981551  1
 18657   2.7866221   0.0646520  1
 18660   2.7356654   0.0809765  1
 18661   2.4838533   0.1083498  0
 18672   2.5771392   0.0408242  0
 18675   2.6387631   0.0289071  0
 18676   2.6122486   0.0701117  0
 18682   2.9846166   0.1644707  0
 18686   2.8134879   0.0791947  1
 18692   3.0628821   0.1883376  1
 18695   2.7777993   0.0658939  0
 18699   2.7616272   0.0789222  1
 18800   2.6916443   0.0697226  0
 18839   2.9824023   0.1651229  1
 18948   2.6350602   0.0450323  1
 18950   2.7396743   0.0938227  1
 18973   2.7395254   0.0838279  0
 18992   2.9844323   0.1726884  1
 18997   2.5652341   0.0413399  0
 19003   2.7978948   0.0670177  1
 19014   2.7983387   0.0679202  1
 19056   2.6918295   0.0441665  0
 19070   3.0712957   0.2240584  1
 19078   3.1477745   0.2959389  0
 19180   2.5937675   0.0348369  0
 19190   2.7329157   0.0919268  1
 19211   2.5643043   0.0849198  0
 19212   2.7419945   0.0717952  1
 19213   2.7938750   0.0668875  1
 19323   2.6523083   0.0385094  1
 19332   2.5315621   0.1270451  1
 19420   2.6421060   0.0496795  1
 19421   2.6548365   0.0634016  1
 19433   2.6600588   0.0560539  1
 19442   2.7402624   0.0977396  0
 19465   2.7496374   0.0876725  0
 19476   2.7458330   0.0539618  0
 19507   3.0614972   0.1965116  1
 19582   2.5925523   0.0193795  0
 19591   2.7533896   0.0878014  1
 19606   3.0537637   0.1876217  1
 19638   2.7563274   0.0892226  1
 19647   3.0238809   0.1746409  0
 19652   2.7723189   0.0834878  1
 19665   2.9936710   0.1704904  1
 19669   2.6481395   0.0578446  1
 19689   3.5021414   0.1694822  1
 19691   2.7436036   0.0898879  0
 19709   3.0203439   0.1692693  0
 19724   2.9792424   0.1642233  1
 19811   2.5556255   0.0622186  0
 19855   2.9856984   0.1661259  1
 19860   2.8590781   0.0468353  1
 19922   2.6637076   0.0505457  0
 19930   2.9881822   0.1786312  0
 19955   3.0707344   0.1923487  1
 19990   2.7794401   0.0661608  1
 20012   2.6184216   0.0608899  0
 20050   2.7295577   0.0911065  1
 20054   2.6843985   0.0395273  0
 20133   2.9944416   0.1685919  1
 20203   2.7808511   0.0954138  0
 20204   2.7355745   0.0638199  0
 20226   2.9941573   0.1827021  0
 20267   2.6423033   0.0799882  0
 20306   2.5654384   0.0929134  0
 20311   2.5804969   0.0825792  0
 20330   2.7046376   0.0335732  0
 20359   2.8152438   0.0796098  0
 20368   2.7158823   0.0931912  1
 20370   2.7618534   0.0994965  0
 20389   2.9960626   0.1702436  1
 20420   2.6451177   0.0265379  1
 20448   2.5259364   0.2306419  0
 20456   3.0820378   0.2053314  1
 20462   3.0108955   0.1720300  1
 20513   2.5560986   0.0546791  0
 20540   2.7483026   0.0940616  1
 20549   3.0048727   0.1719547  0
 20573   2.6999910   0.1036299  0
 20577   2.7779274   0.0807019  0
 20577   2.7779274   0.0807019  0
 20586   2.7649942   0.0919226  1
 20598   2.8002817   0.0686294  1
 20613   3.0546843   0.1983106  1
 20638   2.7308847   0.0916175  1
 20651   2.5550403   0.0277161  0
 20772   2.5315433   0.1931386  1
 20776   2.6084029   0.0666191  0
 20796   2.8951305   0.0601460  1
 20822   2.5426361   0.1062901  0
 20845   2.9793911   0.1689408  1
 20861   2.6189695   0.0287703  0
 20880   2.6950309   0.0808424  0
 20894   2.7224033   0.0736097  1
 20910   2.6511817   0.0429262  1
 20920   2.6728558   0.0495602  0
 20941   2.6746090   0.0545479  1
 20951   2.6737910   0.0754051  1
 20974   2.9835173   0.1624874  1
 21015   3.0324374   0.1835001  1
 21069   2.5950218   0.0285676  0
 21133   2.7713582   0.0665799  1
 21134   2.7580779   0.0929228  1
 21143   2.6884507   0.0542099  0
 21145   2.7102646   0.0489915  0
 21196   2.9669828   0.1611295  1
 21200   2.7361348   0.1044504  0
 21207   2.7191233   0.0364190  0
 21211   2.9755240   0.1636395  1
 21214   2.7790944   0.0708600  1
 21326   2.5825086   0.0779810  0
 21330   2.5927199   0.0942143  0
 21356   2.6836539   0.0898542  1
 21358   2.7465902   0.0118644  0
 21363   2.9727965   0.1610480  1
 21510   2.7513084   0.0635619  0
 21520   2.9724373   0.1561927  1
 21540   3.1738953   0.3812256  0
 21541   2.9634728   0.1616495  1
 21541   2.9634728   0.1616495  1
 21544   2.5294388   0.2051150  1
 21590   3.0473424   0.1839082  0
 21605   3.0633972   0.1935680  0
 21641   2.7130710   0.0672933  1
 21660   2.7355481   0.0893893  1
 21680   2.7606769   0.0947785  1
 21687   2.7778899   0.1067623  0
 21708   2.6200766   0.0955320  0
 21743   2.5874926   0.1120133  0
 21777   2.9752742   0.1650535  1
 21790   3.0988194   0.2334297  1
 21809   2.6946395   0.0832722  1
 21810   2.5903471   0.0467873  0
 21836   3.0235088   0.1773345  1
 21866   2.5737102   0.0731791  0
 21880   2.5494937   0.0711413  0
 21929   2.6258155   0.0487202  0
 21965   2.9598064   0.1623678  0
 21974   2.6532337   0.0708426  0
 22031   2.9722441   0.1620125  1
 22061   2.8822958   0.0474664  1
 22140   2.7515611   0.0675261  0
 22147   3.1140503   0.2044778  1
 22193   2.6507195   0.0350241  1
 22232   2.9628361   0.1636411  1
 22239   2.6872682   0.0626207  0
 22285   3.1127675   0.2089079  1
 22329   2.5836792   0.1107292  1
 22386   2.6957142   0.0911737  1
 22389   2.7256839   0.0916370  1
 22390   2.5968566   0.0104849  0
 22424   2.7332134   0.0658381  1
 22480   2.7750609   0.1045231  1
 22511   2.5861816   0.0438380  0
 22537   2.7304368   0.0912673  1
 22549   2.9615467   0.1599197  1
 22621   2.7104410   0.0650825  1
 22658   2.8000769   0.1032874  1
 22684   2.9733264   0.1621801  1
 22685   2.7909480   0.0664866  1
 22711   2.9898077   0.1677647  1
 22719   2.7426124   0.0928746  1
 22760   2.6934823   0.1067920  0
 22765   2.9711990   0.1625848  1
 22813   2.5659506   0.0500282  0
 22831   2.9609162   0.1607501  1
 22840   2.7893678   0.1046362  1
 22918   2.5667821   0.0838917  0
 22973   2.6983688   0.0525232  1
 22989   2.8461125   0.0524116  1
 22993   2.6082692   0.0114010  0
 23016   2.6443847   0.0635246  0
 23021   2.7469367   0.0250458  1
 23029   2.9734258   0.0296122  0
 23032   2.7536739   0.1046693  1
 23039   2.7455790   0.0647858  1
 23047   2.7348055   0.0864275  0
 23048   2.6834635   0.0623501  0
 23085   2.7545930   0.0961273  1
 23098   2.7449545   0.0698832  0
 23102   2.7471326   0.0887827  0
 23106   3.1689550   0.3803901  0
 23113   2.7934925   0.0687280  1
 23171   2.7938060   0.0666822  1
 23192   2.9905164   0.1681342  1
 23216   2.6452858   0.0478079  0
 23219   2.5349116   0.1323941  0
 23224   2.6531756   0.0895841  0
 23241   2.5719169   0.0890279  0
 23286   2.5319887   0.1389438  0
 23315   3.0544543   0.1534676  1
 23349   2.6822232   0.0403759  0
 23350   2.6298845   0.0522291  1
 23367   2.9779928   0.1673624  1
 23371   2.7028268   0.1089514  0
 23380   3.0184169   0.1648768  0
 23455   2.9878892   0.1657702  1
 23507   2.7267172   0.0899113  1
 23508   2.7578796   0.0602072  1
 23523   2.5388681   0.1587980  1
 23533   2.8053415   0.0685604  1
 23569   2.9919871   0.1743084  1
 23573   2.9925995   0.1658568  1
 23575   3.0371283   0.1823128  0
 23593   2.5749194   0.0436524  0
 23610   2.7478729   0.0583551  1
 23669   2.5730233   0.0390366  0
 23678   2.6229380   0.0372388  0
 23776   2.6616832   0.0527365  0
 23821   2.9683565   0.1600386  1
 23839   2.7182603   0.0821676  1
 23858   2.7249924   0.0998652  1
 23865   2.6747101   0.0498915  0
 23874   2.7557707   0.0686513  0
 23876   2.7894432   0.0664927  1
 24002   2.7391927   0.0659945  0
 24040   2.5371680   0.1074766  1
 24047   2.6511737   0.0616877  1
 24057   2.5697626   0.0284863  0
 24088   2.7654950   0.0879053  1
 24185   2.7251163   0.0914997  1
 24191   2.7286908   0.0920491  1
 24216   2.7351212   0.0930812  1
 24236   2.7343846   0.0932709  1
 24247   3.0053268   0.1722142  1
 24263   3.0092995   0.1778037  1
 24305   2.9748293   0.1585674  1
 24333   2.6334501   0.0859151  0
 24334   2.6528589   0.0581173  1
 24350   2.9874259   0.1717897  0
 24393   2.9655989   0.1653575  1
 24396   3.0474618   0.1742736  1
 24421   2.7752644   0.0720110  0
 24435   2.9945655   0.0233140  0
 24437   3.0387023   0.1878690  0
 24592   2.6616924   0.0509466  0
 24614   2.5508613   0.0740470  0
 24676   2.7877570   0.0688363  1
 24692   2.5535329   0.0590502  0
 24739   2.6570518   0.0858151  1
 24864   2.7630232   0.0654917  1
 25040   2.7366743   0.0666556  1
 25053   2.9887729   0.1674331  1
 25079   2.7848702   0.0646176  1
 25102   2.6860449   0.0635210  1
 25105   2.7410207   0.1066594  0
 25115   2.7989355   0.0719307  1
 25124   2.7994487   0.0657338  1
 25138   2.6602274   0.0474332  0
 25142   2.7525348   0.0747146  0
 25146   2.7230797   0.0711102  1
 25147   2.7885208   0.0617759  0
 25176   2.6596205   0.0426333  1
 25187   2.7835856   0.1032928  1
 25203   2.7605796   0.0664041  1
 25212   2.6985432   0.0562948  0
 25230   3.0392867   0.1674543  1
 25258   3.0362609   0.1872561  1
 25267   2.7495275   0.0897979  0
 25276   2.9702929   0.1630302  1
 25287   2.7441205   0.0380091  1
 25389   2.6631828   0.0407920  1
 25440   2.4810582   0.0943428  0
 25482   2.6568872   0.0575872  0
 25486   2.5395183   0.0810635  1
 25495   2.7450980   0.1000764  0
 25518   2.7504296   0.0904667  0
 25533   2.6800506   0.0321360  0
 25561   2.7262450   0.0740146  0
 25584   2.6387276   0.0672521  0
 25586   2.9695352   0.1632747  1
 25594   2.9752037   0.1672404  1
 25609   2.5511996   0.0745856  0
 25648   2.5722689   0.0798608  0
 25695   2.9654370   0.1630971  1
 25697   2.6607720   0.0622704  1
 25772   2.7978034   0.1058479  1
 25794   3.1169593   0.2405561  1
 25807   2.7773490   0.0280126  0
 25816   2.7703711   0.0842208  0
 25833   2.7524688   0.0648110  1
 25847   3.5052236   0.1696143  1
 25955   2.6751253   0.0706480  1
 25957   2.7943694   0.0670469  1
 25999   3.0342193   0.1803125  1
 26072   3.0087006   0.1713913  1
 26072   3.0087006   0.1713913  1
 26073   2.9748916   0.1609375  1
 26089   2.5384453   0.1406204  1
 26300   2.6737086   0.0328006  0
 26341   2.7696526   0.0999304  1
 26359   3.0089909   0.1701373  1
 26412   2.7321482   0.0394359  0
 26455   2.7060288   0.0543292  1
 26485   3.1553977   0.2898392  1
 26499   2.6542860   0.0909104  0
 26507   2.7161894   0.0356229  1
 26532   2.7660196   0.0736778  1
 26544   2.6876415   0.0643199  1
 26551   2.5629775   0.0541162  0
 26568   3.1521658   0.2622598  0
 26628   3.0243054   0.1676676  1
 26674   3.1257830   0.2711427  1
 26728   2.7171651   0.0524366  0
 26778   2.8776785   0.0724290  1
 26784   2.9664334   0.1660795  1
 26785   2.9805608   0.1677362  1
 26805   2.7926527   0.0663395  1
 26869   2.6573938   0.0310326  0
 26876   3.0226640   0.1771945  1
 26878   3.1183012   0.1949287  0
 26889   2.5542293   0.0688126  0
 26893   2.7920414   0.0658178  1
 26910   2.6722448   0.0371355  0
 26973   2.6967454   0.0724029  1
 26974   2.7647711   0.0901531  0
 26976   2.7324055   0.0918242  1
 26981   2.6915867   0.0490608  1
 27008   2.7704571   0.0366551  1
 27118   2.7423559   0.0923919  0
 27147   2.9681628   0.1633825  1
 27164   2.7881620   0.0929911  1
 27179   2.7438805   0.0654341  0
 27191   2.9796583   0.1551813  1
 27207   2.6639653   0.0819799  0
 27213   2.9619412   0.1640098  1
 27233   2.5590031   0.0900144  1
 27237   2.9888570   0.1687954  1
 27271   3.0468194   0.1955259  1
 27332   2.5384525   0.1180703  0
 27363   2.7452344   0.0937483  1
 27372   2.9712597   0.0282330  1
 27389   2.8448683   0.0638724  1
 27434   2.7157926   0.0912740  1
 27441   2.7464938   0.0800559  1
 27456   2.6197224   0.0387748  1
 27457   2.6651907   0.0530776  0
 27479   2.7642058   0.0858450  0
 27481   3.0040882   0.1742509  1
 27493   2.7289198   0.0905702  1
 27507   2.5387193   0.1320658  0
 27508   2.9985247   0.1687286  1
 27519   2.8000932   0.0672717  1
 27522   2.6371294   0.0504770  0
 27526   2.7356095   0.0691526  1
 27542   2.7426731   0.0939876  1
 27578   2.7823939   0.1075542  1
 27681   2.7450675   0.0931630  1
 27772   2.9513015   0.1196203  1
 27890   2.7617813   0.0908862  1
 28018   3.0058758   0.1790882  1
 28073   2.7998080   0.0933025  1
 28100   2.7322957   0.0481515  0
 28122   2.6795026   0.0572623  1
 28199   2.4858513   0.0799348  0
 28207   2.6106886   0.0345676  0
 28284   2.6965600   0.0542656  1
 28288   2.9961560   0.1555460  0
 28300   3.0125015   0.1797657  1
 28312   2.9824532   0.1557246  1
 28313   2.8381547   0.1213507  1
 28333   3.0083108   0.1710827  1
 28371   2.9905515   0.1699014  1
 28372   2.9992644   0.1694765  1
 28453   2.6577198   0.0680149  1
 28461   2.4830597   0.1323179  0
 28473   3.0113790   0.1755799  0
 28554   2.5418022   0.0797604  0
 28622   2.8665875   0.0490028  0
 28648   2.5836549   0.0963065  1
 28697   2.7935205   0.0666159  1
 28712   2.8808435   0.0287378  0
 28726   2.6731653   0.0612646  0
 28733   3.0693085   0.1832939  1
 28770   2.7871068   0.1054438  1
 28778   2.7911891   0.0668749  1
 28796   2.6645771   0.0672870  0
 28808   2.6025755   0.0815072  0
 28810   2.7920507   0.0892303  0
 28826   2.7239480   0.0908280  1
 28912   3.4964438   0.1721480  1
 28943   2.7920698   0.0672926  1
 28950   3.0126840   0.1696756  1
 28970   2.9895300   0.1654843  1
 29008   2.9708551   0.1646823  1
 29012   2.9871558   0.1655604  1
 29025   2.7656589   0.0735338  1
 29189   3.1138002   0.1600006  1
 29205   2.7393713   0.0933474  1
 29218   3.1319759   0.2396730  0
 29245   2.6251625   0.0458606  0
 29263   3.0248989   0.1785429  1
 29355   2.9766146   0.1639044  1
 29478   2.5551899   0.1394464  0
 29481   2.6827249   0.0734684  1
 29498   2.7640649   0.0924464  1
 29518   2.7989388   0.0682075  1
 29523   2.7942879   0.0655169  1
 29532   3.0103140   0.1530529  1
 29535   2.9757521   0.1669886  1
 29554   2.9753903   0.1696617  0
 29556   2.9976767   0.1685404  1
 29567   3.0113072   0.1674879  1
 29648   2.5478021   0.0423949  0
 29710   2.6517571   0.0538442  1
 29764   2.6582842   0.0591300  0
 29772   2.7399640   0.0608505  1
 29776   2.6177678   0.0140691  1
 29813   2.7642683   0.0741037  1
 29816   2.9775653   0.1712164  1
 29858   2.7932640   0.0665595  1
 29876   2.9957102   0.1789160  1
 29899   2.7227666   0.0701134  1
 29942   2.9914052   0.1718421  1
 29960   3.0158631   0.1724329  1
 29992   2.7239105   0.0624909  0
 30165   2.7028238   0.0512289  1
 30202   2.6178380   0.0403017  0
 30318   2.7412219   0.0382709  0
 30319   2.9333692   0.1331588  1
 30429   3.0526150   0.1909729  0
 30578   2.5576737   0.1508461  0
 30593   2.7716141   0.0930113  1
 30617   2.5525311   0.1265383  1
 30628   2.7432667   0.0922323  1
 30637   2.9719506   0.1660442  1
 30643   2.9656635   0.1642319  1
 30674   2.7631260   0.0978488  0
 30759   2.7170696   0.0629056  1
 30782   2.9926009   0.1538840  1
 30845   2.7942141   0.0663398  1
 30996   3.0677686   0.1742062  0
 31000   3.0045224   0.1868124  1
 31005   3.0438678   0.1929142  1
 31053   2.6356525   0.0638538  1
 31072   2.8564060   0.1040730  0
 31157   2.7236041   0.0923981  1
 31195   2.9809009   0.1549331  1
 31199   2.8011891   0.0686166  1
 31223   2.6305731   0.0514683  0
 31267   3.0207208   0.1781389  1
 31294   3.0064088   0.1726680  1
 31296   3.0160921   0.1735658  1
 31578   2.7778285   0.0656400  1
 31623   2.6546065   0.0633528  0
 31632   2.7119996   0.0565957  1
 31655   2.5590079   0.1391956  0
 31676   2.7982630   0.0673678  1
 31683   2.6769580   0.1027815  0
 31688   2.7408863   0.0434471  0
 31697   2.7903826   0.0653112  1
 31701   2.7271868   0.0653100  1
 31725   2.6757098   0.0361645  1
 31763   2.9185025   0.0377836  0
 31798   2.7935692   0.1017058  1
 31829   2.9927758   0.1674142  1
 31864   3.1082963   0.2585711  1
 31950   2.5470797   0.0996729  1
 31976   2.7927423   0.0445669  1
 32075   3.0142434   0.1705983  0
 32097   2.6866130   0.0640204  1
 32183   2.6595329   0.0385549  0
 32189   2.6843484   0.0456368  0
 32191   2.6577480   0.0271977  1
 32202   2.7731968   0.0923249  0
 32208   2.7333146   0.0924599  1
 32237   2.9966129   0.1698766  1
 32245   2.9946180   0.1743195  1
 32264   2.5956036   0.0388040  0
 32266   2.9925409   0.1733711  1
 32279   2.6525671   0.0579627  1
 32346   2.6441013   0.0888253  0
 32349   2.5605415   0.1094032  0
 32367   2.8897850   0.0679956  0
 32375   2.9680298   0.1619930  1
 32406   2.8046571   0.0316943  1
 32457   3.0072230   0.1857579  1
 32486   3.0589986   0.1932088  1
 32562   2.7050992   0.0637949  0
 32571   3.1441302   0.1119571  0
 32591   3.0006909   0.1727555  1
 32603   2.9596383   0.1646620  1
 32616   2.7349882   0.1031583  1
 32625   2.7643428   0.0725744  1
 32682   2.7845912   0.0518453  0
 32695   2.7481207   0.0896808  1
 32696   2.7593149   0.0505230  1
 32711   2.7995764   0.1071271  1
 32924   2.5656063   0.0839484  1
 32974   2.9722226   0.1613100  1
 32982   2.6965972   0.0922674  0
 33041   2.5399951   0.0944022  1
 33095   2.6289700   0.0307416  0
 33126   2.7571435   0.0905497  1
 33149   2.7765546   0.0652724  1
 33159   2.6403807   0.0355969  0
 33162   2.5942575   0.0357742  1
 33181   2.6993838   0.0467106  1
 33249   2.7951355   0.0560185  0
 33257   2.7588864   0.0666133  1
 33261   2.7645244   0.1125241  0
 33321   2.7994494   0.0664848  1
 33400   2.7935149   0.1119859  1
 33550   2.6183749   0.0709262  0
 33553   2.5633321   0.1009741  1
 33568   2.7563954   0.0903143  0
 33575   2.7351104   0.0659397  1
 33626   2.5359430   0.1094988  0
 33676   2.7384078   0.0588846  1
 33725   3.0393771   0.1903112  1
 33756   3.0257742   0.1884907  0
 33762   2.7413716   0.0489346  0
 33780   2.9728440   0.1663375  1
 33970   2.9936158   0.1576012  1
 33975   2.7028137   0.0638193  0
 34091   3.0574370   0.1867806  1
 34099   2.9687566   0.1680456  1
 34110   3.0426996   0.1609979  1
 34169   3.0417765   0.1966426  1
 34178   2.7378830   0.0912416  1
 34182   2.6390706   0.0479495  0
 34198   2.5581198   0.0645485  0
 34203   2.7956601   0.1101927  0
 34221   2.9646912   0.1628400  1
 34282   2.7986626   0.0660267  1
 34285   2.6272991   0.0226059  0
 34290   2.9875552   0.1674282  1
 34291   3.0053691   0.1726777  1
 34301   2.7404500   0.0925236  1
 34321   2.7163826   0.0588829  0
 34327   2.7021956   0.0687781  1
 34328   2.7426408   0.0923219  1
 34329   2.6595530   0.0705392  1
 34355   2.7352856   0.0914449  1
 34360   3.0539883   0.2001014  1
 34371   3.1103975   0.1998941  1
 34398   2.7071609   0.0572104  0
 34409   2.9665280   0.1611657  1
 34434   2.7358448   0.0919632  1
 34448   3.0670789   0.1940694  1
 34452   2.7236844   0.0633643  1
 34465   2.8577674   0.1119027  0
 34473   2.7876306   0.0658389  1
 34476   3.0600810   0.1919080  1
 34619   2.9731000   0.1558862  0
 34622   2.9689949   0.1534317  1
 34624   2.9883644   0.1770545  1
 34680   2.7565797   0.0687554  0
 34701   2.6069368   0.0428102  0
 34711   3.0041710   0.1723554  0
 34714   2.6610868   0.0318736  0
 34728   2.7497321   0.0906934  1
 34760   2.7752993   0.0660236  0
 34765   2.7683005   0.0937984  1
 34781   3.1709921   0.3763058  0
 34797   2.6527324   0.0424210  0
 34819   2.7035419   0.0894680  1
 34839   3.0176806   0.1743435  1
 34843   2.7503555   0.1040651  1
 34878   2.9744314   0.1645489  1
 34936   2.7031163   0.0537838  1
 34990   2.7500707   0.0801123  0
 34991   2.4863079   0.0892236  0
 35008   3.1405933   0.2841675  1
 35021   3.0885204   0.2064406  1
 35048   3.0545547   0.0279887  0
 35126   2.6934329   0.0663039  1
 35153   2.7608994   0.0725780  0
 35209   2.9773449   0.1636144  1
 35314   3.1491188   0.2970697  1
 35336   3.1141890   0.2634177  1
 35347   3.0133502   0.1711969  1
 35375   2.6091474   0.0061627  0
 35431   2.7254414   0.0790203  0
 35438   2.6126863   0.0403751  0
 35456   2.7841992   0.1058297  0
 35476   2.5942177   0.0796374  0
 35511   2.7271844   0.0632925  0
 35520   2.7949183   0.0647267  0
 35533   2.9039155   0.0978641  0
 35550   2.9707699   0.1664334  0
 35559   2.6674905   0.0615735  0
 35577   2.8013793   0.0839043  1
 35579   2.7338045   0.0719646  0
 35583   2.7603256   0.0409253  0
 35587   2.7812670   0.0622383  1
 35603   2.7439667   0.0924625  1
 35613   2.9727668   0.1660860  1
 35639   2.9994648   0.1686174  1
 35787   2.5988841   0.0501792  0
 35826   2.5445107   0.0942689  0
 35988   2.9119253   0.1519864  0
 36043   2.9895680   0.1650356  1
 36045   2.9776118   0.1607661  0
 36081   2.9857725   0.1649643  1
 36148   3.0342627   0.1787696  0
 36172   2.9224670   0.0306724  1
 36198   3.0088060   0.1723455  0
 36231   3.0163685   0.1636853  0
 36314   3.1553660   0.2685228  0
 36351   2.5798010   0.0354631  0
 36438   2.5502592   0.1246606  1
 36464   2.7970879   0.0654940  1
 36476   2.7956758   0.0606196  0
 36497   2.7918749   0.0669113  1
 36519   2.8047673   0.0680734  1
 36524   2.5562279   0.0581157  0
 36527   2.7497848   0.0573586  0
 36560   2.6946091   0.0389095  0
 36593   2.7353965   0.0837732  0
 36605   2.7581437   0.0910179  0
 36613   2.8003302   0.0982402  0
 36690   2.5968951   0.0531447  0
 36810   2.6453363   0.0516904  1
 36819   2.7850119   0.0733921  0
 36832   2.7930467   0.0794995  1
 36843   2.6230036   0.0660076  0
 36844   2.7847655   0.0797911  1
 36854   2.7241861   0.0908093  1
 36874   2.5786526   0.0414098  0
 36875   2.7215530   0.0502546  1
 36880   2.7968096   0.0572408  1
 36902   2.7292517   0.1041238  0
 36912   2.7321633   0.0927646  1
 36930   3.0047113   0.1764534  0
 36949   2.6002212   0.0574315  0
 37009   3.1147182   0.2755832  1
 37011   3.0080995   0.1721228  0
 37022   2.8091463   0.0847711  0
 37031   2.5701692   0.0437616  0
 37038   2.7728810   0.0656698  1
 37041   2.7483855   0.0574933  0
 37046   2.7653794   0.0569715  0
 37047   2.9836696   0.1614993  1
 37047   2.9836696   0.1614993  1
 37055   2.8093419   0.0691168  1
 37074   2.7366538   0.0877114  1
 37082   2.7896446   0.0696060  1
 37197   2.7982399   0.1040976  0
 37230   3.0133038   0.1612935  0
 37260   3.0425117   0.1819792  0
 37284   3.0638329   0.1866390  1
 37352   2.6424760   0.0470532  1
 37372   2.6616154   0.0618940  1
 37419   3.0830978   0.2069702  1
 37426   3.0223098   0.1727863  0
 37489   2.7204441   0.0951145  0
 37524   2.7812110   0.1060327  1
 37614   2.7943903   0.0674711  1
 37645   2.4855122   0.1128836  0
 37900   2.5693790   0.0755799  0
 37912   2.5492265   0.0771587  0
 37921   2.7125291   0.0919390  1
 37959   2.5993641   0.0304028  0
 37972   2.5919763   0.0836223  1
 38000   2.9825578   0.1561365  1
 38015   2.7773478   0.0862644  0
 38021   2.7991564   0.0659002  1
 38224   2.5603991   0.0063842  0
 38244   2.7687276   0.0806155  0
 38255   2.5704665   0.0522405  0
 38273   3.0192790   0.1694985  0
 38282   2.8091126   0.1023571  0
 38287   2.7632010   0.0938544  1
 38290   2.9900953   0.1698021  1
 38344   2.7321386   0.0541160  0
 38358   2.7429751   0.0762209  1
 38385   2.7778858   0.0715432  1
 38430   3.0387466   0.1477788  1
 38432   2.9596520   0.1641070  1
 38471   2.9721416   0.1633046  1
 38477   2.9854675   0.1668798  0
 38478   3.0256701   0.1961195  1
 38494   2.9360638   0.1461835  1
 38503   3.1007908   0.2198904  0
 38511   3.0427618   0.1605864  1
 38514   3.0160367   0.1630498  0
 38620   3.1325066   0.2603413  1
 38718   2.5423624   0.1045654  0
 38722   2.5413110   0.1300173  0
 38812   2.5580955   0.0537163  0
 38873   2.5522251   0.0399051  0
 38937   2.6376189   0.0643245  1
 38995   2.8053623   0.0962071  1
 39010   2.7954985   0.1075167  1
 39016   2.5844397   0.0331192  0
 39049   2.7335924   0.1019452  0
 39054   2.7449317   0.0929360  1
 39060   2.7548166   0.1044496  1
 39064   2.7787095   0.0668121  1
 39076   2.6776907   0.0595591  0
 39101   2.6705436   0.0618080  1
 39115   2.7751655   0.0935126  1
 39120   2.5429595   0.0975078  0
 39123   2.6358542   0.0375379  1
 39130   2.6281436   0.0524000  1
 39164   2.5411371   0.0591420  1
 39186   2.7298544   0.0866107  0
 39240   2.7386300   0.1006630  1
 39257   2.5368933   0.1772484  1
 39303   2.7828865   0.1084922  0
 39313   2.5974166   0.0390760  0
 39352   2.9959614   0.0235292  1
 39367   2.8010383   0.1007096  1
 39482   3.0388258   0.1598282  1
 39484   3.0326976   0.1838195  1
 39499   3.0170938   0.1759197  1
 39502   2.9938726   0.1766348  1
 39505   3.0040545   0.1895159  0
 39548   2.7938927   0.0680027  1
 39550   2.8094830   0.0722684  0
 39553   2.7843673   0.0650908  1
 39574   2.6571410   0.0163638  1
 39588   2.7187191   0.0671848  0
 39736   2.5873418   0.0463003  0
 39762   2.7223278   0.0912361  1
 39771   3.0416370   0.1603263  1
 40025   2.5433336   0.1309263  1
 40050   2.5643479   0.0861698  0
 40104   2.9928590   0.1662794  1
 40111   3.0207461   0.1813855  0
 40113   2.7500364   0.0664240  1
 40152   2.9884671   0.1653306  1
 40176   2.9702468   0.1629114  1
 40183   3.0582940   0.2092560  1
 40216   3.0310720   0.1796191  0
 40218   3.1354453   0.2936008  1
 40240   3.1384668   0.1636865  0
 40260   2.7097776   0.0976887  1
 40348   2.6383822   0.0458240  1
 40419   2.7797726   0.0678274  1
 40501   2.7379600   0.0869131  1
 40515   2.7986758   0.0494200  1
 40543   2.7461601   0.1103743  0
 40563   2.7532541   0.1114044  1
 40614   2.7536458   0.1038657  1
 40648   2.6752858   0.0597228  0
 40703   2.9523503   0.1683030  0
 40726   2.9680228   0.1635031  1
 40756   2.9780855   0.1731730  0
 40765   2.7254562   0.0518632  0
 40785   2.7971815   0.0817921  0
 40837   2.6777589   0.0379198  0
 40839   2.7870928   0.0669422  1
 40840   3.0583914   0.1894651  1
 40850   3.0545249   0.1952750  0
 40860   2.7658955   0.0720315  1
 40861   2.7089155   0.1035324  0
 40893   2.7776392   0.0642911  1
 40915   2.7492699   0.0922542  1
 40916   3.0082082   0.1724327  1
 40918   3.0248805   0.1717631  1
 40922   2.7457995   0.0932798  1
 40938   2.7764161   0.0696795  0
 40957   3.0160488   0.1753668  0
 40993   2.7108358   0.0421817  1
 40997   2.7015399   0.0540827  0
 41025   2.7109424   0.0927075  1
 41031   3.0218424   0.1735100  1
 41043   2.5984421   0.0508553  0
 41048   2.8704130   0.0297533  0
 41061   2.7202949   0.0903719  1
 41095   2.9937420   0.1668304  1
 41116   2.7976036   0.0675824  1
 41117   2.7472320   0.1011937  1
 41120   3.0642539   0.2009149  0
 41148   2.7601328   0.0867946  0
 41161   3.0210057   0.1716905  1
 41169   2.9148164   0.0804614  1
 41179   2.8126571   0.1067069  1
 41209   2.7164401   0.1127415  0
 41249   2.6501840   0.0572187  0
 41253   2.7996253   0.0732322  1
 41274   3.0189780   0.1692354  1
 41300   2.9704243   0.1603079  1
 41308   2.9989599   0.1763410  1
 41322   2.7524668   0.0703680  0
 41343   3.0161094   0.1672567  1
 41344   3.4370662   0.1846742  0
 41348   2.5837933   0.0812233  1
 41360   3.0646354   0.1893683  1
 41363   3.5053176   0.1677561  0
 41375   2.9639832   0.1627838  1
 41414   2.9370979   0.1287213  1
 41447   2.5310580   0.1422487  0
 41508   2.9662777   0.1653320  1
 41592   2.7987394   0.0663766  1
 41620   2.5731852   0.0296953  0
 41627   2.7317347   0.0902033  1
 41657   3.0693962   0.1889216  1
 41810   3.0119177   0.1622559  1
 41837   2.5800672   0.0436077  0
 41865   2.7327983   0.1057836  0
 41872   2.5609681   0.0413198  0
 41897   2.5800704   0.0149470  0
 42049   2.7461219   0.0939347  0
 42056   2.9163233   0.0413055  0
 42120   2.7801555   0.0599202  1
 42142   3.1139515   0.1833189  1
 42157   2.9811156   0.1523330  0
 42265   2.9938927   0.1727789  1
 42281   2.7633589   0.0748237  0
 42290   2.7448332   0.0905214  0
 42336   2.7798533   0.0666078  1
 42434   3.1227335   0.2597051  0
 42448   3.0209904   0.1750587  1
 42507   2.6467258   0.0737238  1
 42526   2.6555613   0.0436598  1
 42541   2.7747742   0.0541261  0
 42542   2.8466580   0.0799489  0
 42576   2.5483256   0.0787090  0
 42579   2.5620601   0.0178199  0
 42589   2.6875446   0.0524843  1
 42751   2.8771036   0.0424819  1
 42870   2.7192150   0.0916266  1
 42939   2.6644655   0.0354533  0
 42965   2.7028631   0.0594032  0
 42966   2.7822396   0.0721714  1
 42969   2.5920663   0.0856845  1
 42975   2.7707692   0.1060071  0
 43004   2.7848103   0.0579384  0
 43037   3.0977375   0.1603886  1
 43039   2.5524908   0.1095772  0
 43049   2.6699497   0.0387787  1
 43057   2.6212170   0.0737410  0
 43071   2.7341734   0.0933892  1
 43082   2.5440460   0.1327925  1
 43086   2.9167723   0.0316080  0
 43106   2.9625964   0.1637802  1
 43118   2.9749854   0.1641221  1
 43153   2.7201727   0.0901380  1
 43154   2.7992449   0.1027571  1
 43188   2.7400854   0.0911756  1
 43189   2.7576715   0.0718897  1
 43198   2.9885859   0.1673583  1
 43258   2.7415825   0.0913033  1
 43271   2.7475160   0.0936449  0
 43506   3.0681258   0.1336699  0
 43631   3.0246836   0.1707276  1
 43715   2.9854498   0.1643398  0
 43747   2.8153810   0.0953219  0
 43751   2.5420771   0.0330373  0
 43774   3.0664857   0.2041881  0
 43800   3.0521586   0.1993997  0
 43803   3.0357577   0.1932336  1
 43846   2.7966305   0.0634578  0
 43923   2.5959111   0.1170600  1
 43961   2.4822738   0.0413364  0
 43974   2.6560247   0.0489405  1
 43988   2.7133227   0.0913251  1
 44014   2.8061595   0.0561629  1
 44023   2.6526418   0.0610382  1
 44025   2.7620107   0.0915225  1
 44242   2.5539519   0.0916562  1
 44313   2.7916772   0.1069110  0
 44325   2.7672755   0.0750109  1
 44343   2.6513129   0.0632482  0
 44345   2.7785414   0.1002731  1
 44360   2.8541404   0.1107860  1
 44392   2.7855119   0.0680327  0
 44399   2.7335844   0.0519784  0
 44402   2.7914205   0.1120246  0
 44404   2.7771304   0.0983741  1
 44417   2.9921171   0.1719043  1
 44419   2.7343874   0.0920836  1
 44420   2.7828001   0.0633590  0
 44422   2.7323797   0.0682137  1
 44425   2.7337637   0.1056226  1
 44442   2.7180589   0.0914250  1
 44450   2.7866269   0.0707198  0
 44454   2.7876863   0.0986747  0
 44465   2.8005276   0.1003819  0
 44510   3.0143981   0.1719472  1
 44538   3.0569146   0.1684843  1
 44586   2.7030265   0.1084648  0
 44874   2.7417462   0.0934549  1
 44887   2.5695211   0.0388929  0
 44921   2.7827287   0.0642558  1
 44975   2.7940793   0.1044450  1
 44985   2.7892885   0.0641207  0
 45033   2.5295576   0.1938272  0
 45054   2.5418607   0.0510374  1
 45097   2.5500345   0.0334412  0
 45119   3.1328682   0.1854399  0
 45187   2.7486289   0.0906204  1
 45193   2.5259664   0.2307432  0
 45233   2.7796559   0.1074463  1
 45243   2.5465408   0.1518278  1
 45276   2.7496055   0.0879560  0
 45284   2.7505492   0.0945545  1
 45285   2.7562020   0.0538267  1
 45322   2.7681065   0.0927948  0
 45331   2.6847065   0.0934760  0
 45366   3.0503721   0.1964792  1
 45391   2.9842336   0.1620170  1
 45408   2.9960916   0.1700467  1
 45420   2.7779839   0.0942443  0
 45458   2.9674965   0.1591744  1
 45466   2.9933122   0.1696516  1
 45479   2.7765668   0.1043972  1
 45498   2.6972487   0.0318648  0
 45530   2.9978102   0.1698712  1
 45572   3.0027984   0.1817396  1
 45576   2.9701004   0.1669210  1
 45582   2.7968318   0.0663620  1
 45593   3.0548731   0.1853797  1
 45601   2.9630476   0.1621014  1
 45663   3.0563733   0.1893855  1
 45665   2.9985144   0.1688598  1
 45682   3.0553375   0.1909869  1
 45706   3.0679418   0.1882098  1
 45714   3.0097050   0.1719439  1
 45719   3.0679648   0.0665427  1
 45743   2.9890229   0.1745409  0
 45750   3.0451970   0.1527099  1
 45761   2.7452950   0.0536139  1
 45866   2.9854928   0.1570209  1
 46060   2.9689826   0.1694500  0
 46094   3.0676289   0.1843011  1
 46104   3.0484021   0.2156442  0
 46104   3.0484021   0.2156442  0
 46126   2.7497164   0.0792227  1
 46147   2.6261735   0.1279116  0
 46155   2.7025868   0.0460742  1
 46169   2.7889368   0.1023444  1
 46178   3.0485834   0.2049473  0
 46240   2.7853359   0.1031322  1
 46241   2.9721682   0.1624119  1
 46264   2.9670015   0.1462441  1
 46266   2.9782829   0.1635459  1
 46286   2.9719621   0.1696359  0
 46319   2.6527933   0.0528435  0
 46336   2.7342355   0.0912877  1
 46339   2.7374190   0.0739634  1
 46359   2.7577339   0.0694283  1
 46470   3.0459584   0.1689281  1
 46508   2.9782822   0.1611786  1
 46520   2.7324477   0.0921783  1
 46557   2.7483787   0.0935771  1
 46611   2.7722249   0.0663886  1
 46725   2.9962621   0.1685139  1
 46735   2.9962888   0.1689314  1
 46787   2.5327061   0.1364444  1
 46868   2.5216826   0.2720314  0
 46872   2.6660594   0.0523206  1
 46901   2.7056759   0.0916007  1
 46905   2.5301914   0.1963775  0
 46908   2.5675107   0.0094439  0
 46929   2.5730600   0.0333593  0
 46933   2.7524095   0.0948752  0
 46941   2.7266383   0.0635388  0
 46964   2.6449936   0.0776376  0
 46981   2.7785894   0.0659841  1
 46988   2.7932110   0.0800122  0
 46994   2.7445865   0.0229562  1
 47001   2.7355537   0.0631961  1
 47020   2.7190505   0.0749798  1
 47026   2.6947355   0.0744757  1
 47036   2.9963275   0.1680926  0
 47045   2.7985526   0.0656206  1
 47047   2.7653007   0.0814037  0
 47096   3.1557384   0.3350957  1
 47256   2.8412966   0.0323971  0
 47259   2.6425705   0.0643109  1
 47376   2.7393415   0.0924103  1
 47381   2.5813988   0.0387689  0
 47481   2.5505860   0.0703772  0
 47521   2.9479420   0.0747135  1
 47567   2.7168334   0.0994906  1
 47618   2.7067959   0.1047492  0
 47669   2.7686463   0.1060028  0
 47704   2.7883264   0.0986030  0
 47708   2.9733559   0.1653965  1
 47721   2.7277210   0.0989006  1
 47725   2.9869895   0.1770918  1
 47726   2.9755270   0.1657740  1
 47734   2.7866549   0.0591536  0
 47738   2.7738414   0.0787973  0
 47756   2.6785950   0.0790635  1
 47767   2.7157701   0.0615108  1
 47768   2.7965650   0.0821086  1
 47780   2.7854595   0.0477604  0
 47790   2.9651657   0.1663869  1
 47791   3.0350306   0.1590616  1
 47797   2.9705318   0.1624417  1
 47902   3.0941801   0.2353365  1
 47911   2.9761863   0.1646358  1
 47978   2.9886501   0.1811078  0
 47995   3.0250251   0.1678898  0
 48159   2.6774527   0.0588477  0
 48201   2.7168317   0.0772768  1
 48205   2.7990728   0.0585817  0
 48209   3.0211614   0.1724352  1
 48242   3.0228240   0.1710840  1
 48289   2.7395990   0.0745325  0
 48300   2.9974001   0.1711559  1
 48352   3.0055589   0.1548616  0
 48372   2.9612935   0.1625766  1
 48475   3.0464408   0.1898554  0
 48534   2.6702203   0.0406776  0
 48536   2.6366264   0.0592048  1
 48546   2.7769222   0.0653625  1
 48550   2.7343371   0.0939054  0
 48556   2.7168617   0.0668403  1
 48562   2.7344203   0.0748862  0
 48575   3.0641369   0.1930478  0
 48697   2.6967314   0.0696026  1
 48705   2.6754687   0.0788993  0
 48770   2.5804972   0.0921866  0
 48779   2.6909837   0.0386538  0
 48780   2.8790976   0.0444713  0
 49195   2.6256864   0.0578094  0
 49221   2.6396935   0.0466568  0
 49287   2.6438761   0.0531100  0
 49301   2.5365848   0.1727479  1
 49342   2.7412175   0.0918230  1
 49344   2.7533074   0.1008675  1
 49345   2.6846928   0.0611721  1
 49351   3.0020845   0.1757385  1
 49359   2.7827454   0.1088079  0
 49421   2.7929752   0.0669373  1
 49435   3.0064493   0.1870133  1
 49442   2.8765120   0.0284372  0
 49452   2.7976122   0.0662603  1
 49463   2.9913584   0.1649929  1
 49496   2.7853564   0.0672984  1
 49499   2.9897305   0.1608701  1
 49540   3.1133554   0.2397847  1
 49617   3.0387325   0.1988486  0
 49628   3.0009263   0.1712711  1
 49635   2.9928092   0.1697495  1
 49638   3.0380849   0.1701434  1
 50010   2.7651476   0.0691949  0
 50055   2.5270009   0.2204308  0
 50116   2.7854577   0.0657267  1
 50210   2.6706120   0.0406694  0
 50310   2.6551918   0.0682050  0
 50327   2.6756856   0.0585997  0
 50345   2.7854763   0.0548525  0
 50370   2.6747822   0.0498910  0
 50374   2.6286577   0.0520856  1
 50427   3.0519620   0.1870403  0
 50436   2.6670456   0.0384093  0
 50473   2.7999231   0.0424570  1
 50479   2.7103607   0.0463607  0
 50480   2.6401983   0.0597587  0
 50481   2.6329579   0.0584834  0
 50496   2.7063399   0.0583341  0
 50503   2.7722793   0.1058773  0
 50505   2.7208260   0.0894836  0
 50543   2.7525363   0.0369929  0
 50566   2.9813748   0.1658282  1
 50568   2.7209689   0.0610486  1
 50572   2.7731903   0.0638618  1
 50583   2.7514940   0.0929619  1
 50588   2.7283587   0.0696036  1
 50600   2.7171619   0.0923558  1
 50603   2.7136153   0.0867314  0
 50609   2.7232124   0.0900539  1
 50613   2.7386029   0.0857251  0
 50676   2.9790439   0.1628827  1
 50677   3.0583794   0.1981264  0
 50695   2.7426863   0.0516857  1
 50705   2.7920882   0.0711432  0
 50710   3.0147418   0.1739459  1
 50726   2.7603410   0.0707807  1
 50743   2.7006378   0.0416212  0
 50746   2.9817158   0.1656435  1
 50757   2.9645567   0.1524538  1
 50779   2.7325536   0.0910384  1
 50780   2.9643299   0.1657999  1
 50786   3.0457296   0.1881834  0
 50810   2.7936417   0.0745112  0
 50813   2.8043360   0.0597361  0
 50822   2.8015600   0.0508369  0
 50824   2.7439396   0.0919843  1
 50825   2.7525440   0.0592669  0
 50830   2.7147114   0.0781356  0
 50833   2.7699651   0.1029954  1
 50861   2.7388204   0.1003089  0
 50879   2.7920455   0.0679440  1
 50881   2.7156722   0.1025770  0
 50884   2.9867912   0.1668240  1
 50926   2.5469245   0.0871107  0
 50946   2.9738102   0.1665812  1
 50949   3.0586287   0.0978938  1
 51004   2.9818798   0.1555907  1
 51005   2.7443932   0.0904902  1
 51007   2.6636201   0.0384616  1
 51059   3.0678153   0.1960434  1
 51087   2.7986538   0.0673211  1
 51110   2.7451914   0.0936621  1
 51120   2.6823471   0.0421461  0
 51129   2.9883241   0.1561970  1
 51174   3.0208411   0.1757364  1
 51195   3.0885197   0.2392671  1
 51204   2.5514195   0.0973518  0
 51218   3.0013665   0.1707557  1
 51248   2.9720935   0.1626896  1
 51249   3.0246540   0.1739945  1
 51318   3.0229922   0.1811816  0
 51532   2.7396380   0.0758188  0
 51668   2.7809449   0.0664752  1
 51672   2.7611314   0.0892514  0
 51704   2.7358566   0.0531066  0
 51825   2.9677529   0.1620284  1
 51861   3.0131881   0.1572931  0
 51864   2.7285661   0.0907973  1
 51881   2.9738723   0.1672068  1
 51936   2.9772708   0.1203856  1
 51960   2.9924674   0.1654288  1
 51973   2.7948394   0.0968863  1
 52098   2.7998184   0.0668170  1
 52121   2.7792581   0.0663308  1
 52135   2.7937423   0.0524607  1
 52155   2.5979799   0.0297253  0
 52175   2.8469138   0.0359266  1
 52403   2.7509610   0.0914750  0
 52477   3.0478021   0.1886761  0
 52532   3.0583558   0.2074251  0
 52609   2.7349515   0.0811944  0
 52628   2.6322199   0.0581169  1
 52630   2.7243874   0.0692978  0
 52659   2.7890957   0.1103915  0
 52669   3.1362481   0.2372148  1
 52679   2.9748170   0.1629308  1
 52684   2.7980358   0.0658802  1
 52694   2.8950985   0.0271162  1
 52709   3.0710628   0.2005372  1
 52882   2.5333049   0.1287034  1
 53061   2.6667625   0.0464118  0
 53141   2.7240638   0.0834118  0
 53192   2.7239361   0.0704941  0
 53223   2.9991202   0.1704842  0
 53253   2.6756387   0.0347372  0
 53254   2.9702990   0.1638491  1
 53259   2.9913404   0.1671879  1
 53270   2.5770620   0.0375065  0
 53280   2.6936915   0.1008445  0
 53323   2.9848755   0.1692990  1
 53330   3.0594990   0.2039485  1
 53349   3.0853866   0.1685009  1
 53364   2.9972679   0.1700261  1
 53380   3.0677513   0.2022343  0
 53395   2.9145646   0.0929832  1
 53405   2.9632011   0.1655511  0
 53423   3.0677953   0.1915669  0
 53795   2.9754245   0.1548308  1
 53862   2.7005431   0.0400860  0
 53865   2.5586093   0.0947522  1
 53886   2.5379253   0.1076977  1
 53938   2.7389902   0.0548313  1
 53942   2.6480443   0.0375513  0
 53982   2.5964308   0.0841860  0
 54026   2.6663040   0.0585558  1
 54213   2.9748600   0.0384270  0
 54227   2.9754217   0.1695774  1
 54293   3.0192694   0.1741313  1
 54343   2.7579542   0.0847414  0
 54345   2.7656817   0.1004487  1
 54370   3.0521573   0.1867150  0
 54398   2.6474850   0.0638948  0
 54464   3.0161074   0.1695852  1
 54486   3.0328648   0.1764225  0
 54517   2.9617508   0.1624179  1
 54551   3.1521921   0.2568608  0
 54699   2.7485312   0.1032310  0
 54844   2.9890398   0.1678524  1
 54864   2.9625792   0.1733983  0
 54882   2.9929383   0.1553779  0
 54915   2.7219871   0.0378154  0
 54919   2.6525991   0.0691059  1
 54962   2.6938795   0.0628774  1
 54966   2.9284614   0.0982097  1
 54971   2.9613914   0.1601655  1
 55008   3.0443731   0.0155838  0
 55045   2.5869155   0.0688783  0
 55051   2.8102094   0.0487908  1
 55088   2.8004933   0.0980368  0
 55095   2.9924301   0.1038171  1
 55116   2.7703965   0.1035082  0
 55120   3.0220450   0.1719459  0
 55164   2.7900516   0.1091614  0
 55166   2.6719028   0.0562602  0
 55220   2.9689011   0.1658637  1
 55292   2.7074397   0.0505116  1
 55302   2.7766624   0.0798344  0
 55303   2.8009805   0.0640503  0
 55359   2.7980290   0.0740685  1
 55397   2.7186198   0.0938448  0
 55405   3.0119516   0.1747656  1
 55422   2.8809286   0.0867930  0
 55504   2.9357985   0.1494405  0
 55508   3.0436122   0.2086453  0
 55510   3.0120258   0.1690159  0
 55511   2.7095010   0.0512743  0
 55535   2.6226820   0.0715173  0
 55537   2.9731299   0.1629436  0
 55623   2.5215771   0.2748904  1
 55639   2.7715666   0.0923247  1
 55704   2.8540767   0.0962700  1
 55841   2.6617481   0.0401129  0
 55847   2.9996529   0.1837004  0
 55851   2.7366604   0.0794449  0
 55876   2.6156582   0.0551115  0
 56168   2.6299633   0.0486908  0
 56172   2.6847397   0.0750613  0
 56191   2.7387246   0.0929284  1
 56207   2.5902627   0.1102516  0
 56207   2.5902627   0.1102516  0
 56220   2.9973103   0.1653893  1
 56227   2.7427659   0.0926277  1
 56237   2.7455243   0.0606468  0
 56266   3.0476448   0.1935314  1
 56713   2.5533250   0.0490427  0
 56728   2.9749471   0.1690353  0
 56753   2.5436187   0.1044588  0
 56784   3.0429948   0.1753618  1
 56790   2.7331296   0.0948085  0
 56796   2.6075631   0.0895353  0
 56823   2.7177501   0.0891563  1
 56892   2.9965910   0.1704084  1
 56895   3.0029146   0.1597082  1
 56907   3.0439906   0.1787847  1
 56920   3.1638527   0.3661932  0
 56921   3.0183580   0.1698077  0
 56929   3.0531768   0.2115067  1
 56934   2.9909549   0.1700935  1
 56934   2.9909549   0.1700935  1
 56981   3.0965226   0.2419246  1
 56999   3.1102528   0.2685078  1
 57011   3.1263692   0.2621826  1
 57132   3.0428001   0.1688854  1
 57132   3.0428001   0.1688854  1
 57133   2.7893050   0.0703586  0
 57139   2.7026823   0.1070929  0
 57227   2.6498149   0.0425816  1
 57231   2.7936483   0.0899757  1
 57254   2.6950893   0.0643653  0
 57256   2.5494246   0.0797905  0
 57271   2.9819975   0.1668162  1
 57306   2.7057385   0.0677211  0
 57307   2.9977115   0.1708355  1
 57344   2.7290648   0.0559270  1
 57353   3.0774588   0.2407523  0
 57371   2.7987383   0.1052514  1
 57374   3.0470360   0.0952686  1
 57393   2.6378832   0.0358542  0
 57447   2.6169240   0.0547730  0
 57468   3.0552240   0.1979978  1
 57510   2.6336610   0.0516366  1
 57559   2.7741950   0.0696971  0
 57578   2.7786852   0.0664788  1
 57594   2.5930661   0.0457727  0
 57609   2.6800779   0.0728826  0
 57614   3.0550707   0.1825802  1
 57680   2.7631026   0.0879515  1
 57709   2.6516928   0.0550343  1
 57813   2.9918023   0.1729307  1
 57814   2.7496397   0.0929196  1
 57819   2.9414374   0.1363842  0
 57824   2.9959382   0.1554853  0
 57836   3.0229008   0.1710431  0
 57906   2.7200162   0.0714932  0
 57928   2.7292425   0.0973045  0
 57940   3.0951187   0.2316610  0
 57991   3.0682411   0.0083468  0
 58140   2.4834930   0.1052116  1
 58290   2.6871086   0.0710582  0
 58521   2.9673280   0.1607111  1
 58592   2.9696638   0.1654299  1
 58661   2.5520225   0.1432061  1
 58736   2.6112550   0.0662147  0
 58749   2.7953888   0.0671625  1
 58769   2.7653498   0.0427200  0
 58772   2.8097913   0.0729108  1
 58776   2.9815940   0.1555560  0
 58809   2.7983153   0.0665029  1
 58844   3.0999402   0.2305959  1
 58857   2.9901510   0.1776618  1
 58859   3.0515133   0.1811314  1
 58876   3.0143251   0.1712030  1
 58890   2.9820711   0.1558804  1
 58965   3.0630154   0.1849467  1
 58977   3.0359951   0.1586278  1
 59058   2.7731462   0.0871514  1
 59100   2.6546852   0.0664158  1
 59117   2.7624423   0.1005298  0
 59131   2.5999449   0.0525792  0
 59369   2.9652414   0.0397402  1
 59391   2.7050323   0.0572177  0
 59513   2.7371229   0.1027717  0
 59600   2.7166541   0.0915464  1
 59603   2.7839737   0.1037669  1
 59659   2.5590585   0.1247731  1
 59682   2.7269023   0.0896866  1
 59851   3.1229043   0.1976750  0
 59925   3.0334668   0.1745062  0
 60002   2.8119933   0.0723335  1
 60015   2.7303757   0.0921684  1
 60040   2.7301712   0.1060187  0
 60053   3.1183226   0.2778816  1
 60060   2.7380444   0.0928547  1
 60082   2.7803332   0.0661822  1
 60091   2.6970892   0.0538132  0
 60099   2.7015454   0.0496602  1
 60168   2.7312214   0.1055092  0
 60171   2.9801610   0.1545752  1
 60173   2.7805610   0.1087041  0
 60175   3.1534749   0.2792813  1
 60189   3.1116656   0.2370632  1
 60195   2.7157471   0.0931268  1
 60201   2.8134765   0.0794404  1
 60235   3.4960500   0.1725197  1
 60240   2.7506974   0.1165768  0
 60242   2.6851124   0.0605682  1
 60250   3.1315798   0.2900563  1
 60378   3.1587824   0.2822676  1
 60387   2.9585560   0.1623611  0
 60438   2.7589043   0.0597450  0
 60445   2.7494158   0.0599759  0
 60456   3.1329184   0.2497332  1
 60503   3.0664008   0.1976466  1
 60579   2.7965973   0.0858108  1
 60635   2.5612427   0.0427635  0
 60648   2.8023683   0.0694202  1
 60708   2.6604609   0.0361402  0
 60807   2.7876554   0.0805789  1
 60819   2.7747888   0.0783328  0
 60827   2.6418929   0.0418583  1
 60913   2.6436763   0.0766589  0
 60932   2.5476506   0.1605842  0
 61243   2.7414458   0.0907617  1
 61359   2.5672980   0.0436587  0
 61360   2.7379866   0.0982173  1
 61481   2.7657138   0.0756011  0
 61490   2.7505170   0.0936166  1
 61508   2.7928607   0.0644195  0
 61557   2.7484462   0.0927195  1
 61570   2.7228525   0.0421914  1
 61619   3.0937377   0.1906019  1
 61624   2.6086827   0.0629871  0
 61630   2.6400652   0.0578692  0
 61654   2.9751445   0.1516356  1
 61655   2.9589919   0.1746847  0
 61668   3.0662929   0.1848696  0
 61677   3.0009367   0.1716827  1
 61684   2.7636127   0.0900175  0
 61717   2.6370847   0.0390518  1
 61727   2.9924104   0.1573957  1
 61740   2.7478460   0.0946049  1
 61764   2.7446405   0.0924002  1
 61765   2.8152194   0.0943546  0
 61779   3.0414471   0.1954018  0
 61820   3.4990309   0.1714920  1
 61825   2.7959739   0.0672859  1
 61846   2.7747829   0.0899275  0
 61878   2.9857742   0.1675471  1
 61894   2.5404739   0.1651497  0
 61967   2.8104347   0.1023429  0
 61975   2.9888289   0.1687475  1
 61978   2.7115950   0.0939646  0
 61982   3.1238076   0.2799780  1
 61993   2.7322687   0.0944270  0
 62058   2.7791258   0.0596086  1
 62065   2.6744166   0.0499595  1
 62086   2.7912441   0.0971229  0
 62094   2.7337657   0.0920831  1
 62163   3.0937150   0.2132243  1
 62164   2.9769539   0.1639944  1
 62171   2.6769227   0.0421750  1
 62180   2.9859774   0.1651654  0
 62196   3.0066333   0.1813688  0
 62203   2.7742019   0.0669593  0
 62274   2.7563239   0.0759817  1
 62294   2.7587594   0.1038858  1
 62306   2.7030003   0.0915357  1
 62344   3.0254430   0.1969190  1
 62358   2.8144396   0.0736241  0
 62372   2.8059954   0.1082911  0
 62376   3.0005073   0.1605124  1
 62427   2.7430265   0.0923506  0
 62446   2.7782778   0.0629950  1
 62452   2.7763887   0.0996021  0
 62498   2.8070041   0.0684966  0
 62504   3.1162668   0.2620478  1
 62506   3.0553831   0.1946371  1
 62528   3.0430745   0.1935836  1
 62571   2.7410830   0.0660691  1
 62576   2.9882271   0.1748246  1
 62586   3.0612378   0.1923158  1
 62589   2.9726266   0.1684772  1
 62597   3.1510470   0.3026353  1
 62610   2.9692337   0.1687793  1
 62698   2.9629683   0.1626651  1
 62753   3.0551615   0.1845240  1
 62763   2.7834249   0.0661059  1
 62795   2.9527730   0.1630328  0
 62860   2.9871610   0.1666342  1
 62886   2.9687687   0.1599278  1
 62903   2.9884404   0.1689743  0
 62923   2.9708447   0.1653592  1
 62942   2.6081586   0.0159588  0
 62947   3.0654200   0.1740475  1
 62948   2.9594505   0.1632638  0
 62953   2.9636881   0.1655424  1
 62958   3.1503926   0.3055238  1
 63083   3.0612638   0.1921327  1
 63094   3.0414239   0.1690029  1
 63139   2.9826454   0.1656996  0
 63148   2.9759015   0.1669291  1
 63171   2.7936032   0.0247029  0
 63211   2.7492617   0.1029313  1
 63229   2.9704517   0.1632842  1
 63285   2.9796561   0.1648176  1
 63377   3.0409386   0.2003788  1
 63466   2.7777814   0.1121580  0
 63477   3.0456186   0.1788752  1
 63494   2.7277939   0.0914379  1
 63525   2.8632994   0.0919573  1
 63537   3.0443303   0.1861001  0
 63600   3.0218716   0.1721042  0
 63757   2.9805710   0.1547296  1
 63797   2.7952674   0.0702360  0
 63801   2.8098835   0.0913912  0
 63856   2.9678148   0.1596467  0
 63933   2.7553613   0.0949564  1
 63935   2.6941312   0.0608981  0
 63936   2.9985661   0.1753356  1
 64011   2.7736333   0.0872469  1
 64054   2.8126648   0.1123824  0
 64109   2.5490422   0.1035066  1
 64303   2.9976631   0.1788561  0
 64644   2.9958792   0.1810508  1
 64694   3.0945897   0.2132048  0
 64911   2.9870284   0.1704327  1
 65059   2.8071853   0.0699406  1
 65101   3.1715780   0.3805159  0
 65279   2.9756519   0.1531536  0
 65336   3.1180257   0.2706088  1
 65566   3.0847128   0.1925749  1
 65699   2.5376858   0.0705847  1
 65867   2.7938884   0.1128735  0
 66007   2.7469560   0.0938614  1
 66011   2.7505561   0.0906817  1
 66018   3.0162966   0.1684497  0
 66037   2.9799425   0.1627536  1
 66476   2.7239356   0.0719477  0
 66536   2.5634671   0.0932269  1
 66662   2.8525432   0.0928293  1
 66672   2.7076312   0.0698508  1
 66715   3.0231622   0.1722404  1
 66727   2.7297761   0.0913243  1
 66736   2.7712844   0.0815515  1
 66809   2.7133285   0.0926458  1
 66818   2.7478873   0.1090395  0
 66824   2.7972542   0.0669605  1
 66835   3.0200612   0.1710948  1
 66863   2.7094576   0.1041016  0
 66902   2.7777575   0.0666833  1
 66937   2.7397957   0.0600473  0
 66939   2.9651109   0.1657351  1
 66970   2.7260873   0.1063046  0
 66984   3.0160691   0.1761774  0
 67001   2.7722958   0.0995597  0
 67034   3.0190849   0.1736350  1
 67046   3.0691459   0.1935759  1
 67047   2.9706354   0.1627838  1
 67048   3.1093695   0.1910306  1
 67063   2.7761897   0.0658550  1
 67137   3.0781148   0.2264608  0
 67161   3.0305630   0.1947378  1
 67173   2.7562892   0.0930937  0
 67227   3.1544009   0.2600361  1
 67304   3.1360933   0.0659316  1
 67306   3.0447186   0.1911165  1
 67341   2.7794737   0.0737538  1
 67384   3.0679104   0.1868778  0
 67437   3.0699081   0.2085167  1
 67606   2.6712362   0.0387284  0
 67752   2.7899762   0.0840271  1
 67799   3.0117029   0.1788404  1
 67858   2.5652071   0.0761804  0
 67903   2.9967791   0.1694402  1
 67932   3.1509543   0.2950092  1
 68167   2.7434033   0.1069238  0
 68172   3.0121711   0.1761903  1
 68174   2.9985459   0.1168549  1
 68214   2.9644740   0.1644507  1
 68395   2.6807473   0.0738143  1
 68528   3.0160744   0.1757743  1
 68928   2.9899138   0.1661849  1
 68935   2.7588017   0.0751687  1
 68967   2.6981001   0.0924470  1
 69148   3.0233660   0.1613939  1
 69318   2.5374229   0.0651337  0
 69554   3.1634691   0.3621353  1
 69760   2.7584509   0.0865122  0
 69766   2.7460841   0.0934274  1
 69812   2.9759025   0.1682886  1
 69813   2.8017427   0.0672406  1
 69838   2.7918831   0.1156604  0
 69853   2.8448794   0.0980364  1
 69861   2.9702266   0.1610386  1
 69892   2.9846556   0.1644014  1
 69914   3.0515411   0.1332843  1
 69944   2.8395193   0.0526360  0
 69976   3.0359852   0.0792445  1
 69992   3.1141085   0.2406040  1
 70041   3.1205888   0.1841244  1
 70273   2.5357961   0.1758180  1
 70439   2.6168491   0.0695386  0
 70460   2.6229625   0.0382358  0
 70570   2.5914851   0.0354511  0
 70729   2.7449159   0.0875597  0
 70754   2.7023973   0.0545610  1
 70776   2.6628655   0.0683498  1
 70783   2.6170252   0.0675938  0
 70802   2.8519944   0.0892442  1
 70823   2.7993252   0.0666641  1
 70850   2.7448521   0.0932139  1
 70894   2.7769401   0.1070098  1
 70917   2.7484447   0.0904419  1
 70936   2.7476863   0.0874106  1
 70976   2.7003660   0.0572624  1
 70998   2.9619968   0.1611872  1
 71036   2.5559099   0.1181490  1
 71038   2.7469030   0.0933455  1
 71090   2.9608721   0.1669201  1
 71093   3.0535673   0.1855336  1
 71114   2.7772519   0.0832535  0
 71200   2.6143374   0.0620217  0
 71237   2.7181641   0.0911917  1
 71248   2.7507570   0.0711472  0
 71251   2.7692565   0.0936104  1
 71262   2.7681147   0.0747403  0
 71308   2.7063008   0.0856930  0
 71377   3.0658424   0.1959359  1
 71475   2.7845476   0.0909838  1
 71491   3.0239661   0.1774417  1
 71513   2.9939558   0.1684578  1
 71531   3.0503798   0.1164327  1
 71557   3.0084708   0.1842229  1
 71579   3.0364700   0.1771175  0
 71604   2.9688936   0.1609087  1
 71632   2.9794904   0.1687098  1
 71636   2.9812787   0.1659639  1
 71652   3.0539884   0.1836590  1
 72213   2.8392823   0.0791205  0
 72279   2.7200282   0.0860463  0
 72465   2.7802384   0.0929570  1
 72471   3.0161109   0.1729152  1
 72517   2.8129483   0.1071381  1
 72521   2.7258759   0.0926733  1
 72586   2.9823573   0.1556789  1
 72605   3.0003108   0.1623988  1
 72612   2.7665995   0.1112342  0
 72625   2.9947098   0.1745730  1
 72646   2.5401417   0.1186814  0
 72648   2.7808162   0.1029976  1
 72660   2.9660590   0.1633438  1
 72707   2.7841586   0.0644594  1
 72726   3.1586514   0.3071265  1
 72747   3.0435644   0.1743526  0
 72759   2.7216071   0.0459300  0
 72767   2.7430461   0.1039727  0
 72792   2.9655966   0.1643506  1
 72920   3.0087190   0.1639963  0
 73400   3.0654527   0.1932472  1
 73417   2.7878716   0.0959482  1
 73434   3.0255682   0.1881336  0
 73452   2.9626480   0.1600061  1
 73477   3.1112772   0.1611207  0
 73551   2.9691118   0.1606202  1
 73554   3.0665430   0.1940070  1
 73693   3.0935162   0.2114382  1
 73942   3.0530368   0.1509722  1
 74232   3.0509970   0.2000343  1
 74251   2.7604653   0.0687591  1
 74262   2.7870532   0.0639492  0
 74287   2.6546122   0.0619225  0
 74355   2.9924127   0.1574251  0
 74396   2.6932451   0.0928296  1
 74521   3.0972755   0.1546300  1
 75389   2.5398936   0.0287891  0
 75713   3.1360782   0.2823552  1
 75859   2.7776882   0.1062843  1
 75871   2.9702898   0.1607883  1
 75951   2.7342541   0.0639177  0
 75962   2.5667530   0.1181740  1
 76011   2.8000740   0.0563283  0
 76016   2.7765854   0.0660789  1
 76057   2.7688119   0.1034457  1
 76165   2.9986959   0.1706960  1
 76222   2.6507359   0.0628326  0
 76244   2.7760249   0.0661164  1
 76295   2.8147650   0.0878569  1
 76305   2.7450386   0.1037281  0
 76305   2.7450386   0.1037281  0
 76324   2.9847795   0.0731264  1
 76434   2.9991307   0.1681290  1
 76470   2.7383976   0.0903008  1
 76473   2.7356873   0.0505386  0
 76474   2.7660939   0.1068860  0
 76480   2.9676870   0.1624439  1
 76482   2.8108403   0.1076899  1
 76487   2.5513462   0.1580309  0
 76599   2.8500627   0.0923730  1
 76608   3.0058655   0.1769576  1
 76773   2.7971203   0.1015209  1
 76777   2.9857884   0.1719883  0
 76781   3.1145009   0.2793963  0
 77331   3.0246952   0.1765953  1
 77338   2.5237235   0.2425988  1
 77415   3.0139165   0.1752868  1
 77454   2.9958086   0.0763667  0
 77479   3.0470543   0.1933398  1
 77586   2.9887788   0.1596774  1
 77591   3.0099032   0.1872217  1
 77599   3.1197232   0.2838749  1
 77600   3.0852432   0.2184395  1
 77671   3.1091881   0.2362850  1
 77709   2.9920410   0.1727384  1
 77717   3.0130939   0.1742115  1
 77759   3.0124565   0.1735620  1
 77805   3.0007749   0.1720092  1
 77816   3.0073918   0.1743926  1
 77831   3.0011719   0.1512308  0
 77849   3.0668828   0.1933387  1
 78344   3.1437812   0.2993073  1
 78368   2.7239038   0.0900313  1
 78424   2.7598418   0.0902549  0
 78454   2.7538980   0.1086766  0
 78521   2.7795678   0.0959327  0
 78527   3.0819560   0.1977442  1
 78531   2.7467387   0.0940349  1
 78574   2.9654792   0.1618135  1
 78624   2.7711457   0.1123088  0
 78659   2.9847403   0.1651668  1
 78748   2.7343001   0.0936252  1
 78771   2.9645599   0.1634747  1
 79118   2.9909266   0.1554502  1
 79218   3.0816772   0.2062404  1
 79334   2.9644473   0.1522989  1
 79345   2.9597531   0.1643025  1
 79471   2.9913431   0.1751656  1
 79480   3.1229656   0.1800040  0
 79742   2.7600709   0.0778220  1
 79833   2.7880267   0.0637071  1
 80000   2.9769389   0.1635909  1
 80006   2.8142817   0.0888906  0
 80053   3.1615031   0.3134968  0
 80082   3.0129861   0.1858455  1
 80117   3.1588713   0.2843690  0
 80398   2.5401868   0.0976324  0
 81026   2.6498766   0.0553350  0
 81053   2.7063658   0.0264042  1
 81095   2.5404431   0.1643979  1
 81221   3.0350032   0.1958153  1
 81251   2.6097592   0.0536920  0
 81387   2.9976111   0.1563759  1
 81392   2.8031876   0.0493664  1
 81438   2.7708455   0.0867996  0
 81442   2.7392693   0.0888928  1
 81522   2.7670600   0.0741682  0
 81596   2.6842341   0.0578570  0
 81609   2.7706815   0.0868543  1
 81705   2.7998410   0.0578360  1
 81715   2.5269464   0.2204329  1
 81728   3.0417560   0.1878671  0
 81768   2.9643443   0.1640577  1
 81784   2.7953827   0.0639139  0
 81806   3.0656250   0.2017557  0
 81844   2.5732198   0.0759182  0
 81958   3.0657934   0.1897200  1
 82030   3.1211449   0.2793582  1
 82083   2.5245216   0.2473887  0
 82381   2.7673560   0.1051223  0
 82384   2.8907868   0.1321203  1
 82403   2.9162593   0.1371117  1
 82522   2.9973114   0.1816803  1
 82580   2.9723906   0.1647848  1
 82583   3.0160319   0.1731475  0
 82612   2.7575150   0.0991678  0
 82614   2.7440025   0.1044401  1
 82633   2.9808422   0.1660352  1
 82636   2.7143087   0.0773226  0
 82664   3.0161256   0.1714040  1
 82665   3.0344788   0.1584062  1
 82671   2.7997551   0.1030409  0
 82694   3.0493160   0.1812957  1
 82859   2.9125538   0.0974842  1
 82900   2.7988311   0.0672228  1
 82919   3.0450042   0.2137629  0
 82929   2.9701436   0.1629718  1
 82982   2.9982717   0.1596601  1
 82988   2.9612332   0.1681916  1
 82989   2.9800981   0.1551376  1
 82992   2.7472353   0.0940817  1
 83029   2.7949955   0.0738125  1
 83079   3.0725119   0.2099465  0
 83139   3.0374654   0.1901712  1
 83171   3.0004056   0.1793214  1
 83228   3.1419137   0.1854451  0
 83263   2.7127518   0.0931241  1
 83285   2.8051908   0.0685897  1
 83455   2.7989144   0.0991487  1
 83459   3.0322896   0.1915888  1
 83468   2.9810033   0.1677500  1
 83504   2.7340230   0.0869352  0
 83520   2.6904355   0.0961907  1
 83524   2.9765661   0.1552362  1
 83528   2.7693543   0.0631686  1
 83532   2.7333095   0.0820157  0
 83536   2.9706678   0.1645504  1
 83575   3.0355498   0.1684052  1
 83584   2.9346502   0.0722665  1
 83613   3.0098791   0.1736952  1
 83631   2.7186162   0.0896214  1
 83671   3.0168765   0.1749886  1
 83736   3.0326881   0.1935388  1
 83745   2.9716503   0.1744538  0
 83753   3.0464919   0.1973090  1
 83762   2.9637433   0.1658445  1
 83768   3.0096305   0.1775477  1
 83776   3.0241850   0.1782165  1
 83780   2.9396501   0.1561646  0
 83785   2.9437696   0.1439716  1
 83793   3.0058691   0.1524086  0
 83798   3.0380821   0.1829428  0
 83813   2.9638441   0.1630672  1
 83817   2.9868135   0.1528190  0
 83835   2.9747884   0.1644046  1
 83851   2.8000635   0.0678356  1
 83907   2.9955990   0.1681093  1
 83934   2.9616211   0.1519091  1
 83941   2.9909624   0.1695170  0
 84278   3.0161246   0.1693624  0
 84298   2.7508859   0.0950115  0
 84651   3.0218964   0.1961045  1
 84663   3.0756147   0.2284133  0
 84726   2.9689938   0.1648195  1
 84787   3.1658490   0.3700229  0
 84914   2.7078666   0.0860123  0
 84929   3.0369731   0.1824418  0
 84995   3.0480164   0.1908122  1
 85127   2.7745461   0.0917423  1
 85393   2.8133588   0.1059751  1
 85540   2.6857658   0.0698632  0
 85767   3.0671082   0.2116796  1
 86054   3.0327354   0.1864433  1
 86060   3.0608383   0.1254379  1
 86077   3.0138063   0.1818995  1
 86119   2.9882830   0.1773559  0
 86124   2.9643815   0.1616687  1
 86128   2.9940165   0.1697395  1
 86158   3.1139836   0.2767271  1
 86162   3.0590988   0.1993508  0
 86183   2.9856525   0.1651119  0
 86189   2.9305243   0.0960500  1
 86226   3.0210079   0.1755500  1
 86353   3.1697107   0.2764398  0
 86354   3.0246183   0.1721376  0
 87272   2.8093659   0.0544834  0
 87388   3.0957160   0.2398653  1
 87496   2.5589863   0.1417636  1
 87546   3.0241950   0.1779396  1
 87575   3.0119648   0.1792677  1
 87597   2.7476682   0.0949742  1
 87658   3.0880710   0.1949625  1
 87744   2.7447603   0.0993249  1
 87767   3.0653196   0.2030276  1
 87779   2.6643441   0.0359368  0
 87795   3.0462859   0.1990563  1
 87834   2.5694991   0.0953903  0
 87941   3.0650232   0.1908698  1
 87983   3.0463931   0.1869628  1
 88007   3.0597908   0.0165727  0
 88039   2.9730296   0.1641412  1
 88074   2.9607776   0.1664966  1
 88078   3.0686542   0.1992987  1
 88114   2.9759303   0.1645198  1
 88132   2.9708793   0.1662448  1
 88133   2.7725326   0.0532302  0
 88153   2.9701743   0.1702448  0
 88168   2.9903770   0.1668791  1
 88252   3.1532766   0.3165136  1
 88440   2.6931894   0.0440207  0
 88497   2.9933112   0.1668557  1
 88653   2.7635589   0.0987785  0
 88893   3.1333590   0.1133191  0
 89001   2.9417816   0.1401338  0
 89039   2.6988861   0.1031559  0
 89319   2.9611956   0.1598214  1
 89505   3.0941669   0.2098398  1
 89714   3.0172003   0.1782028  1
 89792   3.0600152   0.1891695  1
 89906   3.1227713   0.2679090  0
 89920   2.7975063   0.0645221  0
 90095   2.9964192   0.1827750  0
 90176   3.1520033   0.2598783  0
 90553   3.0172964   0.1757736  1
 90563   3.2022314   0.4523237  0
 90727   2.9685233   0.0548926  1
 91015   2.5335605   0.1823011  1
 91050   2.5899580   0.0767341  0
 91103   2.5965768   0.0492677  0
 91130   2.7065084   0.1040218  0
 91443   2.7471937   0.0840812  1
 91452   2.9780582   0.1610130  1
 91464   2.9124138   0.1304652  0
 91494   2.5258588   0.2270143  0
 91516   2.7707120   0.1126746  0
 91537   2.9845718   0.1682089  1
 91543   2.9930932   0.1782904  1
 91547   3.0596630   0.1905716  1
 91574   2.9656205   0.1625257  1
 91606   3.0532701   0.1865960  0
 91791   2.9753479   0.1653685  1
 91824   3.0184189   0.1605375  1
 91845   3.0725109   0.1908662  1
 91858   3.0961307   0.2136711  1
 91931   3.0483145   0.1929505  1
 91948   3.0650616   0.0091711  0
 91987   3.0040618   0.1631299  1
 92038   3.0838225   0.1639444  0
 92074   2.9859698   0.1660766  1
 92083   3.0832248   0.2192262  1
 92130   2.9760922   0.1655927  1
 92141   2.9629329   0.1609709  1
 92186   3.0596928   0.1889784  1
 92194   3.0389566   0.1899884  1
 92209   3.0562561   0.1821309  1
 92216   2.9662494   0.1520307  1
 92238   3.0012988   0.1709996  1
 92239   3.0486546   0.1937177  0
 93135   2.5939125   0.0479511  0
 93246   2.6455649   0.0424899  1
 93653   2.7478457   0.1059357  0
 93702   2.5582852   0.0623659  0
 93754   3.0036917   0.1750055  0
 94072   2.5435136   0.1125502  0
 94078   2.9731031   0.1616706  1
 94087   3.0009337   0.1715138  1
 94092   2.9649580   0.1607413  1
 94113   3.0136087   0.1862232  1
 94209   3.1136026   0.2727359  1
 94239   3.1256654   0.2677669  0
 94244   3.0456881   0.1936295  1
 94283   2.9734316   0.1669606  1
 95301   3.0114838   0.1723617  0
 95335   2.9821631   0.1733597  1
 95367   2.9653509   0.1605795  1
 95383   2.7594595   0.0926894  1
 95483   3.1656969   0.2220426  0
 95520   2.7990778   0.1034901  1
 95561   2.9779381   0.1706042  0
 95565   3.0629160   0.1559101  0
 95585   2.9909586   0.1559337  0
 95948   3.1207436   0.2775009  1
 96067   3.0975378   0.2151991  1
 96457   2.5585935   0.0546498  0
 96548   3.1241634   0.0832262  1
 96938   2.7034732   0.1096282  0
 96976   2.7970847   0.1055606  1
 97158   2.6920915   0.0553406  0
 97245   2.9755189   0.0353141  1
 97252   2.5866227   0.0231505  0
 97324   2.9667966   0.1704795  0
 97334   3.0095223   0.1708128  0
 97377   2.9841995   0.1658997  0
 97378   2.9800099   0.1689753  1
 97414   2.7899729   0.1009717  0
 97445   2.9776829   0.1631783  1
 97478   2.9726830   0.1671094  1
 97508   2.9750404   0.1736395  0
 97556   3.0695875   0.1991108  1
 97563   2.7981950   0.0678063  1
 97609   2.7484788   0.0893101  0
 97769   3.0589346   0.1952896  0
 98673   3.0510117   0.1769053  1
 98852   2.7257263   0.0929706  1
 99095   2.7460292   0.0824370  0
 99127   2.8143170   0.0836242  1
 99142   2.7566459   0.1019012  1
 99149   2.7365132   0.0680484  0
 99183   2.9981995   0.1704255  1
 99836   2.9660414   0.1644765  1
100484   3.0679009   0.1979869  0
101588   3.1626401   0.2972037  1
101651   3.0618492   0.1865314  1
101681   2.5262461   0.2251696  0
102432   3.1802713   0.3392173  0
103028   2.5249446   0.2417234  1
103925   2.7480611   0.0945795  1
103961   2.7353912   0.0942394  0
104046   3.1332916   0.2858418  1
104083   3.0047235   0.1727345  1
104126   2.9777479   0.1526929  0
104165   2.8113296   0.0725521  1
104174   2.8775008   0.0833418  1
104232   2.6926912   0.0375515  0
104246   2.7070203   0.0706623  0
104249   2.7574033   0.0714285  0
104283   3.0388359   0.1713435  1
104285   2.9684589   0.1627270  1
104353   3.0702570   0.2189938  0
104364   2.7754108   0.0836202  0
104427   3.0049107   0.1726552  1
104440   2.7503994   0.1012657  1
104511   3.0436299   0.1831593  0
104561   3.1103457   0.1328056  0
104583   2.9784506   0.1555468  1
104689   3.0256278   0.1728542  0
104703   2.7684603   0.0979498  0
104715   2.9778100   0.1687083  1
104738   3.1503055   0.2911698  1
105177   2.6677240   0.0598168  0
105182   3.1571370   0.2759182  0
105227   3.0629025   0.1852421  1
105251   3.0805449   0.2075435  0
105306   3.0444353   0.1606029  1
105338   3.0545426   0.1579659  1
105410   3.0231790   0.1760785  1
105463   3.0153638   0.1708826  0
105505   3.0137582   0.0421616  1
105511   3.1387447   0.3111464  1
105532   3.0184297   0.1745009  1
105534   2.9857409   0.1757229  1
105564   3.0829703   0.2232439  0
105666   2.9798479   0.1696941  1
105748   3.0655136   0.2004445  1
105788   3.1273251   0.2494595  0
105813   2.7955903   0.0667188  1
105837   2.9374482   0.0272539  0
106019   3.0160674   0.1735579  1
106042   2.8677831   0.1301212  0
106136   2.9804933   0.1643026  1
106176   3.0864705   0.2090321  1
106236   2.9649748   0.0934162  1
106259   2.9643478   0.1645394  0
106299   3.0312020   0.1901873  0
106319   3.0826293   0.1305915  1
106444   3.0419355   0.1780833  1
106560   3.0269995   0.1782139  0
106684   3.1242382   0.2701326  1
106696   2.9771178   0.1629257  1
108039   3.1321208   0.2588153  1
108245   3.0148644   0.1743279  1
108486   2.9848827   0.1711310  1
108539   3.0545866   0.1925586  0
108699   3.1696890   0.3772600  0
108789   3.0038987   0.1605195  1
108847   3.0414098   0.1690696  1
108867   3.0120313   0.1744781  0
108967   2.9764952   0.1728730  0
108977   3.0635556   0.1992377  0
109126   2.9797296   0.1585652  1
109191   2.5994528   0.0558938  0
109280   2.5360057   0.1756180  1
109323   2.5232472   0.2510433  1
109375   3.0094416   0.1702994  1
109477   3.0088112   0.1675054  0
109572   3.0512461   0.2074976  1
109715   3.0409234   0.1692539  1
109873   2.9618095   0.1686909  0
109928   2.5415683   0.0745807  0
109980   3.0916322   0.1979709  1
110352   2.9613110   0.1616448  1
110602   3.0503956   0.2007807  1
110722   3.0215363   0.1734995  0
110744   2.9872980   0.0621524  0
110835   2.7522848   0.1042864  0
110850   2.8388665   0.1088514  1
111013   2.7371292   0.0642526  1
111024   3.0239715   0.1702330  0
111060   3.0017542   0.1286480  1
111149   2.7157812   0.0932691  1
111213   2.9727327   0.1563800  1
111316   3.0548999   0.1852542  1
111394   2.9463005   0.1240137  1
111398   3.0895585   0.1931337  1
111449   3.0460013   0.1895416  0
111461   3.5050971   0.1715038  0
111513   3.0680430   0.2021986  0
111514   2.9622943   0.1625176  1
111584   2.9901122   0.1706070  1
111745   3.1733486   0.3784308  0
112008   3.1616124   0.2821349  0
112309   3.0258375   0.1758437  0
112441   2.9903126   0.1706200  1
112443   2.9716422   0.1628656  1
112561   2.9665599   0.1624548  0
112622   3.0089320   0.1879529  1
112653   2.9874992   0.1671209  1
113061   3.0240995   0.1778876  1
113096   3.0174956   0.1738958  1
113173   3.0614184   0.1886708  1
113230   3.0426077   0.1774382  1
113544   2.7637094   0.0854902  0
113564   2.8515278   0.0883553  0
113622   3.0591447   0.1779226  1
113661   3.1131682   0.2382216  1
113673   3.1431631   0.2674865  1
113675   2.7827106   0.1080970  1
113700   3.0522801   0.1773059  1
113782   3.0243402   0.0824726  0
113822   3.0141786   0.1745725  0
113925   3.0047344   0.1803145  1
113994   3.0081369   0.1598572  0
114046   3.0376724   0.1772054  1
114182   3.0434175   0.1835638  0
114260   2.9346022   0.1453673  1
114266   2.9851530   0.1734595  0
114313   2.9904672   0.1650601  1
114333   3.1137545   0.2479499  1
114404   2.9833413   0.1674122  1
114408   3.0027350   0.1727528  1
114537   2.9943307   0.1688221  1
114580   3.0192071   0.1772536  0
114602   2.9994282   0.1575963  1
114725   3.1660227   0.3680237  1
114747   3.1010259   0.2629153  0
114801   2.9783739   0.1005129  1
114882   3.0692787   0.1685542  1
115043   3.0085341   0.1688812  0
115064   3.0194918   0.1572837  1
115177   3.0067323   0.1723910  1
115229   2.7730464   0.0642879  1
115253   2.7961460   0.0673087  1
115382   3.0513901   0.1968422  1
115513   3.0358727   0.1803347  0
115547   3.0666374   0.1886278  1
115548   3.1029626   0.2251540  1
115557   2.9924300   0.1581793  1
115562   3.0044274   0.1595283  0
115571   3.0430120   0.1511887  1
115621   2.7910507   0.1024354  0
115642   2.6837629   0.1038253  0
115899   3.1130732   0.1908738  1
116137   3.1144205   0.1235201  0
116550   3.1359807   0.2410280  1
116705   2.9656400   0.1528313  1
116774   3.0685547   0.1962747  0
117344   3.0686436   0.1907166  1
117708   2.9612225   0.1617790  1
117960   3.0033829   0.1778202  1
118024   3.0407668   0.1601242  1
118120   3.1569412   0.2361107  0
118463   3.1472670   0.2347574  0
118722   2.6991960   0.1068680  0
118757   3.0992491   0.2164444  1
118840   2.9896202   0.1740149  1
119754   3.0057004   0.1725101  1
119786   3.0172267   0.1781573  1
119789   3.0140779   0.1812518  1
120140   3.0540961   0.1919955  1
120343   3.1005530   0.2005637  1
120546   2.9860249   0.1533835  1
120632   3.0678363   0.1970465  1
120702   3.1283712   0.2833895  0
121809   3.1442294   0.2468436  0
123229   2.8078200   0.0684854  1
123343   3.0439778   0.1601853  1
123491   3.0127296   0.0972741  1
123662   2.9586565   0.1714541  0
123684   3.0336198   0.1582208  1
123900   3.0502734   0.1812000  1
124024   3.0621672   0.1838036  1
124028   2.9906163   0.1553259  1
126255   2.5248086   0.2369853  1
126504   2.9790549   0.1705397  1
126713   2.7793690   0.0687449  1
127067   2.9725421   0.1662537  1
127103   3.1137345   0.2605937  1
127333   3.0104752   0.1516548  0
127370   3.1504626   0.2743454  0
127589   3.0903725   0.2473195  1
128149   3.1186278   0.2692212  1
128170   3.0469086   0.1931536  1
128311   3.1587906   0.3057344  0
128601   2.9741832   0.1772771  0
128745   3.0584767   0.1824109  1
129115   2.9924984   0.1782802  1
130146   2.9859300   0.1603825  0
130262   3.0628179   0.1828738  1
131316   2.9757558   0.1733548  0
131344   3.1039654   0.2230079  0
131365   3.1131255   0.2652522  1
131406   3.1398107   0.2954824  0
131446   3.1588668   0.2889789  0
131448   2.9859005   0.1565948  1
131461   3.0669052   0.2066882  0
132716   3.0828222   0.2072378  1
132754   3.1025956   0.2039944  1
132758   3.0824169   0.2052178  1
132778   2.9776425   0.1686766  1
132893   3.0090105   0.1733166  1
132958   2.9839093   0.1343957  0
132966   2.7509402   0.0983268  1
133180   3.0901664   0.2242057  1
133373   2.7732827   0.0935869  0
133377   2.9835335   0.1664349  1
133427   3.0320787   0.1969338  0
133516   2.9742634   0.1685034  1
133695   2.9794265   0.1649073  1
133815   2.9688323   0.1665117  1
133824   3.0202280   0.1735633  1
133855   3.0553289   0.1833394  1
134099   3.1138593   0.2702579  1
134140   3.1619570   0.3243964  1
134877   3.0986746   0.1788489  1
135087   2.9822207   0.1751851  1
135094   3.0495778   0.1917652  0
135114   2.9829615   0.1681808  1
135155   3.0173527   0.1783787  1
135165   2.9643858   0.1606550  1
135214   2.9912398   0.1401766  0
135241   3.0496852   0.1850910  1
135291   3.0522725   0.1319862  0
135309   3.0520361   0.1992061  1
135314   2.9728899   0.1656927  1
135361   3.1416561   0.2707646  0
135456   2.9958146   0.1650254  1
136075   3.0891882   0.2244680  0
136076   3.1445376   0.2973980  0
136950   2.5239183   0.2391546  1
137843   2.5269802   0.2199270  1
138069   3.1215144   0.1990837  1
138659   3.0681031   0.1946238  1
138665   3.1828113   0.3756902  0
138684   3.0904908   0.1983174  1
139444   2.7631140   0.1061150  0
139568   2.9592080   0.1686802  0
139614   2.9856443   0.1653305  1
139722   2.8140803   0.1030709  0
139857   3.0067944   0.1549495  0
139863   2.9872499   0.1205900  1
139896   2.9804580   0.1543527  0
139976   2.9944014   0.1585778  1
140002   3.0950168   0.1900577  1
140098   2.9624519   0.1698477  0
140137   2.9774073   0.1676958  1
140151   3.0325748   0.1855268  1
140156   2.9931520   0.1697242  1
140180   3.0404212   0.1234908  1
140282   3.0532312   0.1785308  1
140286   2.9756530   0.1640104  1
140313   3.0244039   0.1710638  0
140359   2.9142463   0.0429896  0
140398   2.9957450   0.1578615  1
140467   3.0073939   0.1618089  1
140477   3.0669896   0.1924085  1
140493   3.0161974   0.1735546  1
140512   3.0093058   0.1778609  0
140520   2.9853471   0.1686754  1
140589   2.9707444   0.1606174  1
140626   3.0422081   0.1857449  0
140630   3.0256412   0.1734764  0
140730   3.0170090   0.1689331  0
140838   2.9895794   0.1763084  1
140958   2.9623101   0.1670623  1
141085   3.0543001   0.1821752  1
141421   3.1588706   0.2957807  0
141515   2.9673683   0.1676829  0
143304   3.1023007   0.1959252  1
143320   3.1176571   0.2764979  1
143371   3.0127721   0.1741278  0
144227   2.9746545   0.1523577  1
144442   3.0162267   0.1755587  0
144479   3.1306941   0.2874780  0
144813   3.0173694   0.1538173  0
145514   3.1224768   0.1961818  0
145904   3.1703673   0.3813824  0
146765   3.0778659   0.1933893  0
146795   3.0349843   0.1913909  1
146808   2.9931652   0.1715980  1
146909   3.0952064   0.2240683  0
146957   3.1503263   0.3258551  1
148377   2.9768117   0.1708498  1
148382   3.1503503   0.2918164  1
148584   2.9701047   0.1651112  1
149058   3.0790368   0.2165438  0
149097   3.1445524   0.2405871  1
149124   3.0898812   0.2254552  1
149139   2.9934921   0.1762397  1
149959   3.0148612   0.1738132  1
150330   3.0560822   0.1970370  0
150581   3.0211328   0.1773482  1
151324   3.1009539   0.1739751  1
152419   3.1370071   0.2848315  0
152797   2.9856836   0.1558162  0
153248   3.1661114   0.2958558  1
153262   3.0881589   0.1960628  1
153289   3.5037872   0.1705417  1
154159   2.9595765   0.1627901  0
154178   2.9726969   0.1634957  1
154604   3.1400733   0.2619598  0
154908   3.0086641   0.1725555  1
154911   3.0185377   0.1752477  1
154980   3.0237204   0.1720991  1
155578   2.9873506   0.1686436  1
155901   3.1174015   0.2687086  1
158585   3.0098454   0.1735655  1
158759   3.0049281   0.1681837  1
160111   2.5251313   0.2388229  1
160275   3.0506328   0.1811034  1
160636   3.0336122   0.1850486  1
161144   3.0635905   0.2074725  0
161228   3.0977418   0.1277262  1
161983   3.1257122   0.2837120  1
162171   3.1335916   0.2879654  1
163390   3.0232336   0.1713213  0
163460   3.0548489   0.1820464  1
163468   3.1331204   0.2099263  1
163532   2.9761363   0.1683935  1
163533   3.1143661   0.2772599  1
163546   2.9802336   0.1638366  1
163621   3.0365070   0.1812876  1
163671   3.0596699   0.1843868  1
164152   2.9805702   0.1649342  1
164377   2.9684526   0.1595470  1
164808   3.3927971   0.2833049  0
165104   3.1158100   0.2694598  1
165689   3.1764032   0.3654568  0
165730   3.0578827   0.1910691  1
165771   3.1414103   0.3039406  0
165914   3.4260837   0.1613167  0
166004   3.1645994   0.3673436  1
166706   2.8937812   0.1412461  0
166735   2.9012098   0.1427982  1
166772   3.0118028   0.0520891  0
166850   3.1026251   0.2219013  1
166859   3.0333770   0.1703072  1
167658   2.9872346   0.1641755  1
168540   2.5371289   0.1692213  1
169137   3.1396121   0.2031965  1
169850   3.0889159   0.2057606  1
170059   3.0682197   0.0650451  1
170067   2.9857784   0.1666301  0
170097   3.0232087   0.1724310  1
170102   3.0078290   0.1690515  1
170106   3.0666151   0.1932203  1
170163   3.5053245   0.1697037  0
170807   3.1001772   0.2614267  0
171688   3.0888231   0.2442803  1
171949   3.0107825   0.1660181  1
172000   2.9752416   0.1557017  0
172362   3.0551952   0.1613142  1
173743   3.0841950   0.2237696  1
173907   3.1568676   0.3014610  1
173914   3.0564332   0.1788565  1
173915   2.9748634   0.1635053  1
174467   2.9838532   0.1734785  1
174499   3.1236336   0.2376022  1
174794   3.0046607   0.1536596  0
177869   3.1217121   0.2789790  1
178749   3.0016465   0.1722132  1
179359   3.0649286   0.2092939  1
179493   3.1136465   0.2644673  1
179543   3.1365317   0.2911897  1
181038   3.1202780   0.2236335  1
182211   3.1207671   0.2411913  1
182928   3.1429451   0.1874445  0
183525   3.4139186   0.2510323  1
184616   3.0114638   0.1779737  1
184848   3.1094291   0.2651562  1
186114   3.0792929   0.2382041  0
186342   3.1395553   0.2004013  0
186608   3.1228867   0.2665318  0
187416   3.0984729   0.2299660  1
187649   3.1015954   0.2427099  0
187797   3.1012306   0.2084897  0
188151   3.1532136   0.2340314  0
191353   3.1618864   0.2861770  0
191442   3.0028474   0.1611380  1
191868   3.0385698   0.1507567  1
192190   3.1203833   0.2634359  0
195671   3.0604917   0.1887060  1
195718   3.0572414   0.1690156  0
195737   3.1141594   0.2773251  1
195967   3.1456551   0.2466016  0
196569   2.9953791   0.1707564  1
196976   3.0218688   0.1743934  1
197037   3.1224946   0.2731967  0
197162   3.1192659   0.2764409  1
197211   3.0648990   0.2156863  1
197297   3.1384419   0.2886861  1
197361   3.0498048   0.1942730  0
197395   3.0594654   0.1837293  1
197430   3.1369802   0.1870118  1
198829   3.1125230   0.2542343  0
201213   3.0707080   0.1935529  1
201332   3.1619375   0.2874399  0
201621   3.1509332   0.3042423  0
201740   2.9902700   0.1551395  1
203803   3.0490104   0.1833472  0
203827   3.1839320   0.4254745  0
203848   3.1645607   0.3065678  1
203868   3.1416181   0.3090739  0
203871   3.1166394   0.2131620  1
208412   2.9179203   0.1005457  1
208423   3.0079198   0.1864404  1
209369   2.9868791   0.1674772  1
209416   3.1998487   0.4490498  0
212315   3.1126852   0.2289952  1
213228   3.1384027   0.2964517  1
214291   3.1598711   0.3536271  1
214437   3.4881008   0.1717023  1
215226   3.0663473   0.1811167  1
216472   3.1998856   0.4491366  0
217603   3.1370481   0.2919228  0
220831   3.1167714   0.2460520  1
221671   3.0986675   0.1704046  1
222024   3.0246427   0.1808143  1
222053   3.1169357   0.2198172  1
223317   3.1950586   0.4420998  0
223393   3.0409431   0.1756183  1
223420   3.1148010   0.2764411  1
223985   3.1370407   0.3058845  1
226990   3.1768668   0.3893298  1
226999   3.0228324   0.1757962  0
232741   3.0546299   0.1850353  1
232960   3.1310433   0.2815896  1
234512   3.1228049   0.1905539  0
241845   3.1297095   0.2845517  0
243258   3.1433069   0.2970427  0
247406   3.1001875   0.2577707  1
247723   3.1170658   0.1655053  0
248799   3.4799070   0.1773246  1
260433   3.1306761   0.2897759  1
263993   3.1862404   0.3741634  0
264022   3.1520189   0.3247194  0
280034   3.1669017   0.2465529  0
296439   3.1226064   0.2782554  1
296493   3.1845734   0.3799942  1
302407   3.1175721   0.2751281  1
310909   3.1415856   0.2970700  0
311548   3.4514918   0.1745640  0
362926   3.4848407   0.1755875  1
